日期时间 收盘 开盘 最高 最低 成交 持仓
2014-02-28 10522.00 10682.00 10682.00 10454.00 191708 38538
2014-03-03 10445.00 10566.00 10610.00 10429.00 86752 40130
2014-03-04 10482.00 10450.00 10495.00 10410.00 64078 48000
2014-03-05 10512.00 10513.00 10521.00 10469.00 41474 52438
2014-03-06 10374.00 10510.00 10510.00 10303.00 109558 63544
2014-03-07 10359.00 10388.00 10389.00 10323.00 58268 69598
2014-03-10 10228.00 10256.00 10328.00 10158.00 105576 78834
2014-03-11 10322.00 10238.00 10440.00 10194.00 82962 69996
2014-03-12 10351.00 10247.00 10351.00 10226.00 56550 81570
2014-03-13 10360.00 10351.00 10384.00 10324.00 31240 80978
