日期时间 收盘 开盘 最高 最低 成交 持仓
2011-04-15 2249.72 2299.97 2299.97 2228.82 58080 6694
2011-04-18 2382.46 2235.27 2388.12 2235.27 133636 19940
2011-04-19 2337.42 2376.66 2384.51 2321.52 205268 23738
2011-04-20 2344.38 2351.37 2394.10 2330.49 176032 23970
2011-04-21 2337.40 2354.46 2364.46 2324.43 97806 22728
2011-04-22 2331.60 2337.32 2351.32 2298.36 128548 19446
2011-04-25 2330.71 2341.83 2359.13 2318.66 65102 18596
2011-04-26 2323.51 2316.60 2330.36 2304.68 44636 18420
2011-04-27 2321.79 2333.58 2340.19 2316.78 32090 16914
2011-04-28 2338.78 2331.68 2348.51 2327.66 26344 14746
2011-04-29 2331.28 2339.00 2344.62 2325.13 17764 12312
2011-05-03 2346.05 2332.13 2355.33 2328.14 26696 13430
2011-05-04 2331.19 2342.97 2347.98 2322.48 14634 11348
2011-05-05 2310.61 2311.14 2321.05 2295.90 14072 11296
2011-05-06 2273.61 2257.38 2290.85 2257.38 14920 10726
2011-05-09 2282.45 2282.35 2286.30 2275.34 7270 9796
2011-05-10 2289.06 2287.37 2290.26 2277.56 7988 8766
2011-05-11 2315.87 2295.39 2339.26 2288.29 30238 9928
2011-05-12 2344.77 2291.80 2352.67 2290.39 62144 18268
2011-05-13 2419.45 2360.93 2443.36 2353.84 135262 27080
2011-05-16 2407.86 2415.54 2423.51 2396.71 57382 26530
2011-05-17 2391.95 2414.79 2416.75 2372.09 57900 22530
2011-05-18 2373.08 2400.93 2423.68 2371.15 70694 22634
2011-05-19 2368.52 2394.81 2394.81 2364.11 47798 19122
2011-05-20 2377.00 2365.18 2392.53 2363.16 37118 19014
2011-05-23 2358.46 2389.13 2389.13 2352.80 19074 18518
2011-05-24 2381.07 2357.38 2381.07 2346.36 30624 21746
2011-05-25 2376.11 2383.24 2385.25 2367.32 18240 19572
2011-05-26 2379.30 2386.21 2398.47 2378.20 19624 20152
2011-05-27 2372.11 2380.05 2381.05 2352.38 21780 19314
2011-05-30 2366.26 2371.44 2383.24 2361.50 16498 18550
2011-05-31 2365.65 2371.21 2379.19 2362.20 15260 16634
2011-06-01 2360.46 2371.36 2376.12 2358.49 13748 16446
2011-06-02 2340.94 2352.32 2364.13 2338.55 18830 16112
2011-06-03 2327.92 2341.60 2345.58 2322.23 17242 16158
2011-06-07 2332.76 2322.78 2342.40 2312.43 15690 15502
2011-06-08 2327.43 2339.56 2339.56 2321.43 8244 14852
2011-06-09 2319.58 2331.40 2334.32 2319.58 8168 14924
2011-06-10 2312.56 2325.35 2325.35 2307.93 13080 16598
2011-06-13 2320.86 2307.52 2321.95 2297.69 9462 18142
2011-06-14 2334.93 2314.23 2353.67 2314.02 42480 16068
2011-06-15 2324.26 2340.29 2343.63 2322.33 9826 15552
2011-06-16 2308.32 2316.38 2322.23 2301.52 9586 15014
2011-06-17 2308.29 2311.48 2321.25 2305.26 6542 15006
2011-06-20 2282.79 2307.49 2311.49 2281.84 8558 15530
2011-06-21 2296.78 2289.67 2301.55 2271.95 10418 15464
2011-06-22 2289.79 2291.89 2297.83 2285.05 6224 14862
2011-06-23 2319.31 2288.67 2323.14 2281.69 23352 16368
2011-06-24 2303.55 2319.29 2324.29 2302.47 13418 14860
2011-06-27 2309.31 2297.43 2319.02 2292.43 12506 14842
2011-06-28 2304.27 2317.38 2339.13 2303.28 18848 15668
2011-06-29 2297.44 2311.29 2314.25 2289.33 10994 15488
2011-06-30 2310.42 2300.50 2313.33 2297.49 11120 14940
2011-07-01 2297.52 2309.39 2318.28 2296.55 7444 14924
2011-07-04 2317.30 2300.37 2326.16 2294.37 15674 15724
2011-07-05 2316.20 2318.23 2323.07 2307.30 9460 16292
2011-07-06 2343.89 2322.17 2345.84 2317.21 22880 19394
2011-07-07 2316.41 2341.74 2350.80 2312.30 20036 16348
2011-07-08 2315.52 2320.48 2328.04 2310.45 12924 15932
2011-07-11 2306.63 2311.11 2324.69 2305.02 7732 14582
2011-07-12 2299.74 2308.93 2317.57 2293.11 7646 14138
2011-07-13 2312.82 2306.75 2315.84 2303.75 5892 13268
2011-07-14 2307.70 2318.57 2318.57 2299.72 6774 13102
2011-07-15 2305.83 2305.58 2311.66 2300.90 3420 12386
2011-07-18 2307.88 2309.89 2316.70 2305.60 6056 12434
2011-07-19 2307.73 2308.83 2312.56 2304.80 2942 11726
2011-07-20 2301.26 2311.03 2316.68 2295.19 7082 12634
2011-07-21 2289.62 2301.05 2303.07 2286.40 6326 12910
2011-07-22 2289.91 2282.68 2296.38 2279.92 3120 12450
2011-07-25 2290.00 2288.76 2301.59 2286.16 4640 11838
2011-07-26 2293.92 2293.99 2296.98 2284.14 2504 11156
2011-07-27 2289.01 2297.91 2297.91 2287.94 2424 10848
2011-07-28 2290.24 2287.89 2298.67 2284.90 4236 9930
2011-07-29 2290.08 2293.15 2295.77 2289.29 2386 9518
2011-08-01 2291.44 2292.22 2293.22 2287.60 1870 9098
2011-08-02 2291.41 2290.85 2293.40 2287.84 1510 8548
2011-08-03 2293.25 2292.37 2294.37 2289.99 1444 7952
2011-08-04 2312.22 2292.28 2313.46 2289.26 2950 7746
2011-08-05 2305.77 2303.91 2319.79 2293.20 8856 6976
2011-08-08 2283.42 2299.56 2299.56 2277.27 3948 5314
2011-08-09 2251.23 2273.57 2273.58 2202.33 3766 4120
2011-08-10 2257.00 2261.61 2272.02 2253.10 1042 4100
2011-08-11 2256.80 2235.62 2262.30 2235.62 1062 3956
2011-08-12 2256.13 2269.55 2269.61 2251.16 908 3846
2011-08-15 2234.72 2255.93 2260.15 2228.66 1880 4034
2011-08-16 2210.07 2234.01 2234.01 2206.14 2144 4234
2011-08-17 2209.18 2202.19 2219.34 2198.47 2584 4468
2011-08-18 2198.37 2209.21 2213.84 2189.30 3260 4808
2011-08-19 2183.43 2187.92 2192.04 2175.53 3108 5300
2011-08-22 2179.41 2178.28 2191.41 2172.23 7898 6456
2011-08-23 2130.39 2184.74 2185.54 2117.35 26090 13544
2011-08-24 2161.30 2137.25 2164.31 2124.65 31036 12706
2011-08-25 2184.23 2162.69 2186.39 2153.45 22050 11164
2011-08-26 2185.47 2181.72 2197.98 2179.19 13484 10664
2011-08-29 2179.88 2190.76 2191.76 2173.40 7622 10522
2011-08-30 2185.36 2184.17 2190.94 2177.27 6382 10362
2011-08-31 2206.92 2191.84 2221.67 2188.82 13568 9600
2011-09-01 2205.40 2210.50 2213.54 2198.19 5356 9138
2011-09-02 2183.11 2203.14 2204.92 2173.27 6840 9394
2011-09-05 2186.01 2181.07 2203.09 2178.14 5800 9040
2011-09-06 2206.13 2179.65 2211.24 2179.65 11258 8806
2011-09-07 2214.65 2207.69 2220.53 2206.32 6282 8432
2011-09-08 2204.33 2216.29 2222.33 2203.72 3970 8168
2011-09-09 2206.92 2203.98 2208.62 2199.82 2778 7774
2011-09-13 2197.47 2213.04 2214.03 2195.00 2166 7948
2011-09-14 2187.08 2201.68 2202.75 2180.19 3770 7678
2011-09-15 2194.33 2190.25 2203.93 2189.27 3694 6994
2011-09-16 2241.34 2234.53 2243.26 2224.30 5268 7618
2011-09-19 2219.27 2238.29 2243.29 2216.40 6540 8000
2011-09-20 2214.18 2210.15 2219.77 2196.79 8014 8506
2011-09-21 2235.66 2212.27 2247.06 2212.18 17602 10650
2011-09-22 2193.84 2223.60 2223.60 2169.87 12558 10292
2011-09-23 2146.33 2154.32 2190.30 2135.70 17366 9446
2011-09-26 2079.11 2150.47 2156.25 2077.19 10322 8752
2011-09-27 2112.33 2093.38 2122.52 2093.38 9806 8556
2011-09-28 2093.03 2115.68 2118.79 2080.56 6442 8718
2011-09-29 2026.98 2055.44 2055.46 2007.38 8960 7172
2011-09-30 2042.85 2033.65 2050.61 2031.26 6428 6594
2011-10-10 2051.68 2062.03 2088.76 2045.49 3808 6604
2011-10-11 2058.30 2064.88 2079.30 2056.46 6480 7080
2011-10-12 2067.10 2062.26 2069.19 2045.39 4578 6928
2011-10-13 2064.72 2067.46 2071.46 2056.73 2754 6844
2011-10-14 2061.12 2059.42 2067.38 2057.14 2934 6942
2011-10-17 2018.38 2065.02 2069.69 2015.12 10388 9340
2011-10-18 1989.36 2012.96 2012.96 1985.04 10790 9108
2011-10-19 1982.29 2005.90 2006.97 1973.52 6248 9148
2011-10-20 1890.67 1951.49 1961.17 1888.59 8858 8658
2011-10-21 1919.53 1898.80 1924.12 1892.80 8074 8256
2011-10-24 1962.09 1940.91 1986.27 1908.36 12080 7934
2011-10-25 1969.03 1961.02 2006.41 1954.10 12620 7518
2011-10-26 1968.89 1950.59 1978.11 1950.59 7916 7736
2011-10-27 1973.64 1971.14 1978.84 1966.20 5876 7718
2011-10-28 1981.95 2001.23 2020.68 1976.03 6668 7144
2011-10-31 1962.58 1981.49 1982.70 1954.02 3576 6774
2011-11-01 1957.40 1957.30 1973.24 1949.00 3918 6668
2011-11-02 1950.31 1933.76 1953.85 1923.73 3734 6536
2011-11-03 1938.32 1939.41 1950.41 1936.88 2982 6520
2011-11-04 1970.46 1962.40 1972.79 1949.90 4468 6068
2011-11-07 1965.64 1964.36 1970.89 1960.22 2876 6002
2011-11-08 1981.87 1968.19 1986.34 1968.19 5950 6172
2011-11-09 1982.77 1990.95 1996.85 1975.71 3108 6024
2011-11-10 1950.56 1892.44 1965.73 1892.40 5776 5646
2011-11-11 2043.46 1956.22 2044.72 1955.67 23596 9932
2011-11-14 2033.41 2056.07 2061.89 2025.53 26448 10122
2011-11-15 2042.67 2021.69 2084.09 2013.70 57012 13966
2011-11-16 2021.70 2032.82 2053.53 2018.63 32362 12908
2011-11-17 2031.35 2031.57 2048.59 2018.93 22890 11964
2011-11-18 2018.43 2013.13 2026.81 2003.17 12806 10936
2011-11-21 2001.60 2011.36 2032.17 1995.62 14870 10560
2011-11-22 1999.98 1994.48 2005.85 1992.12 6912 9444
2011-11-23 1983.74 1994.90 2002.20 1983.00 4590 8640
2011-11-24 1982.44 1990.96 1990.96 1961.69 6140 7942
2011-11-25 1973.40 1975.44 1987.43 1968.80 3880 7572
2011-11-28 1971.31 1984.65 1988.37 1961.51 5770 7386
2011-11-29 1981.96 1973.11 1983.90 1964.42 4668 7384
2011-11-30 1990.92 1983.58 2032.64 1980.03 31712 9316
2011-12-01 2019.27 2035.53 2054.46 2005.26 17410 7962
2011-12-02 2008.85 2016.73 2016.88 2006.08 5248 7474
2011-12-05 2014.05 2011.07 2015.40 2005.44 4202 6872
2011-12-06 1985.15 2010.00 2010.12 1964.21 15188 8222
2011-12-07 1988.23 1987.91 1988.56 1980.20 4834 7576
2011-12-08 1980.25 1981.22 1984.05 1966.47 5902 7374
2011-12-09 1979.14 1976.32 1989.25 1968.33 4414 6822
2011-12-12 1950.11 1985.83 1985.83 1949.47 6482 8222
2011-12-13 1957.70 1942.49 1958.55 1937.27 5296 7708
2011-12-14 1945.91 1958.23 1958.23 1938.32 4248 7668
2011-12-15 1923.44 1916.14 1931.82 1913.13 4596 7028
2011-12-16 1960.07 1935.22 1963.48 1925.58 7308 5998
2011-12-19 1961.30 1963.81 1965.76 1948.07 5920 5704
2011-12-20 1965.64 1963.91 1977.13 1958.43 6256 5154
2011-12-21 1969.06 1976.41 1979.54 1966.34 3610 5064
2011-12-22 1968.46 1968.17 1969.81 1952.72 4230 4732
2011-12-23 1957.06 1970.36 1970.36 1956.43 3446 5060
2011-12-26 1948.30 1961.32 1967.78 1943.20 6450 5344
2011-12-27 1948.37 1946.16 1953.31 1941.26 2398 5148
2011-12-28 1970.77 1952.91 1980.84 1951.93 9124 4750
2011-12-29 1967.75 1961.32 1973.29 1955.71 3376 4386
2011-12-30 1978.70 1974.12 1989.32 1970.19 5276 4460
2012-01-04 1965.55 1998.80 1998.83 1965.55 3614 4378
2012-01-05 1972.58 1966.27 1973.13 1952.30 2634 4256
2012-01-06 2010.19 1966.81 2021.68 1966.81 13626 4670
2012-01-09 2018.15 2002.77 2023.35 1999.91 4238 4714
2012-01-10 2025.30 2019.89 2034.69 2007.41 7244 4878
2012-01-11 2054.64 2028.34 2066.68 2024.44 15278 5896
2012-01-12 2055.52 2050.40 2060.39 2046.21 5298 5582
2012-01-13 2030.87 2051.84 2076.61 2030.83 8724 5228
2012-01-16 2033.03 2018.44 2040.21 2012.46 4652 4840
2012-01-17 2066.77 2039.21 2077.71 2039.21 6098 4122
2012-01-18 2066.10 2072.82 2079.68 2057.80 4108 3846
2012-01-19 2073.99 2069.79 2095.72 2064.53 5832 3562
2012-01-20 2072.95 2074.82 2083.81 2069.80 2628 3322
2012-01-30 2090.39 2075.95 2119.52 2071.93 8046 3736
2012-01-31 2097.13 2095.98 2104.68 2088.19 4926 4100
2012-02-01 2082.12 2096.03 2099.98 2078.27 3780 4124
2012-02-02 2084.31 2082.94 2093.94 2074.95 3000 3854
2012-02-03 2086.22 2082.27 2093.14 2074.21 3518 3934
2012-02-06 2112.94 2097.44 2123.79 2090.39 8560 4704
2012-02-07 2094.21 2112.90 2121.86 2093.27 4652 4674
2012-02-08 2113.04 2095.74 2117.81 2095.74 4536 5004
2012-02-09 2085.28 2106.27 2125.66 2080.41 10096 4374
2012-02-10 2077.99 2089.78 2095.75 2073.78 5476 3990
2012-02-13 2073.66 2082.42 2082.42 2069.32 3556 3938
2012-02-14 2065.79 2074.68 2076.45 2064.84 2934 4030
2012-02-15 2062.41 2068.61 2078.09 2061.54 4908 4422
2012-02-16 2047.55 2054.17 2065.15 2038.64 5202 4054
2012-02-17 2045.34 2054.41 2061.39 2044.40 2818 4152
2012-02-20 2052.16 2055.33 2063.88 2048.34 4422 4262
2012-02-21 2063.32 2053.22 2066.12 2049.43 3826 4114
2012-02-22 2068.92 2072.34 2072.34 2064.13 2148 4034
2012-02-23 2067.37 2067.09 2068.12 2061.44 1754 3810
2012-02-24 2067.19 2071.45 2078.94 2063.43 3656 3886
2012-02-27 2083.54 2071.12 2087.01 2071.12 2620 3762
2012-02-28 2087.51 2082.36 2089.12 2081.36 1332 3780
2012-02-29 2093.30 2084.50 2094.19 2083.49 1596 3796
2012-03-01 2076.10 2089.51 2089.51 2076.08 1968 3518
2012-03-02 2092.69 2084.04 2100.39 2078.03 3424 3942
2012-03-05 2069.06 2089.60 2095.61 2069.04 3112 4098
2012-03-06 2067.39 2066.00 2072.01 2063.80 2048 3816
2012-03-07 2046.88 2054.53 2061.34 2045.03 1978 3722
2012-03-08 2056.58 2048.80 2061.09 2048.79 1610 3770
2012-03-09 2069.74 2058.09 2073.75 2056.97 2442 3950
2012-03-12 2058.29 2070.85 2072.93 2055.73 2308 4050
2012-03-13 2064.80 2059.20 2066.15 2058.20 1796 3966
2012-03-14 2036.72 2070.27 2071.81 2035.94 3984 4308
2012-03-15 2025.52 2029.45 2042.88 2016.96 4606 4592
2012-03-16 2022.76 2034.76 2034.76 2014.78 2858 4652
2012-03-19 2011.45 2027.69 2028.69 2003.73 2794 5106
2012-03-20 2028.25 2014.56 2032.16 2008.82 5570 4870
2012-03-21 2042.40 2024.47 2042.50 2024.47 4444 4892
2012-03-22 2042.77 2042.69 2046.69 2028.87 3942 4624
2012-03-23 2051.80 2042.00 2053.52 2037.12 2484 4514
2012-03-26 2048.69 2051.05 2058.48 2046.59 2002 4646
2012-03-27 2046.54 2054.56 2056.57 2045.64 1362 4568
2012-03-28 2032.58 2044.41 2044.42 2030.80 1512 4376
2012-03-29 2031.46 2031.46 2033.23 2022.38 1036 4272
2012-03-30 2033.08 2027.05 2033.86 2027.05 920 4032
2012-04-05 2029.52 2028.07 2031.95 2019.99 1186 3986
2012-04-06 2022.87 2024.51 2030.08 2018.67 936 4030
2012-04-09 2014.14 2023.54 2023.54 2013.21 1272 4026
2012-04-10 2020.45 2005.47 2020.45 2005.47 1378 3832
2012-04-11 2037.67 2013.72 2038.25 2013.24 2448 3946
2012-04-12 2047.65 2036.60 2050.22 2036.60 3316 4174
2012-04-13 2038.74 2050.26 2054.16 2037.51 2428 4276
2012-04-16 2031.84 2034.69 2037.48 2027.49 2208 4012
2012-04-17 2027.43 2032.85 2034.08 2025.56 1420 3712
2012-04-18 2017.30 2032.90 2032.98 2013.49 3870 4192
2012-04-19 2012.12 2013.22 2016.27 2006.80 3414 4482
2012-04-20 2010.62 2014.99 2022.28 2006.40 3082 4324
2012-04-23 1988.52 2014.40 2015.38 1981.15 8666 6590
2012-04-24 1992.28 1987.05 1997.55 1983.08 4500 6112
2012-04-25 1994.71 1994.29 1998.27 1975.47 7670 5938
2012-04-26 2000.18 1991.81 2000.56 1986.96 2950 5640
2012-04-27 1991.85 2003.56 2007.53 1991.85 3194 5500
2012-05-02 1990.80 1999.23 1999.23 1987.24 3050 5504
2012-05-03 1984.78 1984.14 2003.13 1981.87 6116 6712
2012-05-04 1991.84 1969.48 1992.74 1969.48 3942 6554
2012-05-07 1987.61 1986.19 1994.01 1978.23 5254 6934
2012-05-08 1963.94 1990.68 1990.75 1962.24 9312 9192
2012-05-09 1968.50 1960.60 1974.23 1958.17 7834 9146
2012-05-10 1973.18 1968.93 1975.83 1963.24 5540 7932
2012-05-11 1966.62 1971.23 1975.46 1947.72 10996 8084
2012-05-14 1898.33 1972.54 1972.54 1889.57 11282 8622
2012-05-15 1892.02 1900.39 1902.56 1877.62 8072 8080
2012-05-16 1871.37 1892.16 1897.17 1870.59 4544 7550
2012-05-17 1885.09 1880.78 1888.01 1865.67 6628 7970
2012-05-18 1871.29 1879.11 1882.15 1862.62 5824 7662
2012-05-21 1885.96 1878.31 1894.89 1876.31 5546 8016
2012-05-22 1885.76 1893.15 1896.69 1878.18 7882 9192
2012-05-23 1859.90 1866.68 1875.62 1852.55 6774 8996
2012-05-24 1864.62 1857.24 1866.46 1853.23 4028 8964
2012-05-25 1868.93 1862.79 1869.85 1853.16 4424 8934
2012-05-28 1885.03 1873.86 1889.59 1868.17 4862 8416
2012-05-29 1887.98 1878.81 1891.48 1878.81 8574 8776
2012-05-30 1876.03 1882.96 1883.00 1870.37 4806 8294
2012-05-31 1868.88 1863.79 1873.15 1859.78 3562 8058
2012-06-01 1860.90 1866.89 1870.69 1859.95 2464 7782
2012-06-04 1793.23 1851.73 1851.73 1791.23 7284 7896
2012-06-05 1807.07 1803.54 1819.16 1800.25 5700 7360
2012-06-06 1818.22 1804.20 1821.04 1804.20 4112 6994
2012-06-07 1814.28 1825.31 1832.31 1807.42 3910 7500
2012-06-08 1787.62 1819.91 1819.91 1779.82 7100 7782
2012-06-11 1803.44 1801.40 1820.45 1794.52 5488 7966
2012-06-12 1757.99 1787.23 1788.22 1750.79 6860 9052
2012-06-13 1749.26 1758.81 1759.81 1738.23 6676 9222
2012-06-14 1734.60 1742.25 1756.94 1728.16 9514 9902
2012-06-15 1749.38 1743.28 1750.46 1734.71 6910 9408
2012-06-18 1751.57 1761.58 1762.57 1742.56 7346 10022
2012-06-19 1750.61 1745.54 1759.42 1745.43 5416 9958
2012-06-20 1767.70 1755.60 1770.40 1753.73 6020 9920
2012-06-21 1734.89 1747.55 1754.21 1731.02 7274 10178
2012-06-25 1701.11 1728.68 1739.72 1699.33 11390 12892
2012-06-26 1693.62 1704.87 1706.87 1678.01 23396 14116
2012-06-27 1681.00 1697.69 1701.69 1675.77 14038 15528
2012-06-28 1662.51 1682.73 1686.29 1653.75 28870 18188
2012-06-29 1669.04 1648.17 1674.10 1626.22 63644 18978
2012-07-02 1716.58 1691.70 1719.27 1651.22 82732 21106
2012-07-03 1729.37 1725.71 1735.67 1703.72 86356 16782
2012-07-04 1749.62 1733.40 1765.64 1724.45 80324 17336
2012-07-05 1765.32 1742.89 1766.97 1741.88 59668 18126
2012-07-06 1756.83 1760.05 1767.93 1748.60 43288 16116
2012-07-09 1733.20 1744.63 1748.26 1733.19 28734 15576
2012-07-10 1723.30 1724.24 1752.28 1722.15 36654 17224
2012-07-11 1710.33 1720.57 1724.83 1705.08 34370 17046
2012-07-12 1758.83 1714.75 1765.26 1703.87 89314 23988
2012-07-13 1774.36 1768.92 1781.84 1749.74 80334 22224
2012-07-16 1737.08 1776.21 1778.83 1732.84 68520 21740
2012-07-17 1709.28 1733.19 1742.60 1704.65 62122 23102
2012-07-18 1719.51 1716.17 1728.22 1698.53 71524 23136
2012-07-19 1713.98 1726.56 1730.87 1713.21 45044 23064
2012-07-20 1653.92 1710.69 1717.27 1653.91 68540 26250
2012-07-23 1603.03 1631.02 1636.06 1590.75 63408 25872
2012-07-24 1618.07 1594.60 1632.73 1592.31 84224 26876
2012-07-25 1568.09 1611.31 1623.04 1554.35 115450 34232
2012-07-26 1584.85 1578.17 1598.39 1546.71 174712 31894
2012-07-27 1601.92 1590.75 1603.37 1570.12 121754 30940
2012-07-30 1563.68 1598.04 1612.43 1552.31 164790 37274
2012-07-31 1569.33 1560.58 1574.84 1546.96 117466 35076
2012-08-01 1585.56 1558.25 1597.91 1558.24 121654 31332
2012-08-02 1589.90 1584.74 1594.99 1568.83 118078 32040
2012-08-03 1569.18 1582.74 1601.64 1559.84 152930 37712
2012-08-06 1566.14 1576.61 1587.95 1557.43 137030 45946
2012-08-07 1569.86 1563.35 1575.50 1558.49 103986 47700
2012-08-08 1578.65 1572.88 1585.06 1568.05 122550 42122
2012-08-09 1586.67 1581.32 1590.14 1577.62 72570 42636
2012-08-10 1583.28 1586.33 1596.70 1576.46 90868 40860
2012-08-13 1564.00 1581.14 1588.56 1561.97 81422 44722
2012-08-14 1514.93 1562.67 1567.48 1511.35 155524 58496
2012-08-15 1522.23 1509.02 1533.75 1499.12 160668 55458
2012-08-16 1520.70 1529.21 1536.78 1513.26 149468 51068
2012-08-17 1527.21 1526.36 1535.97 1516.42 122088 51128
2012-08-20 1524.84 1530.51 1537.07 1518.57 110156 44194
2012-08-21 1493.66 1524.68 1526.66 1482.57 188006 49858
2012-08-22 1492.02 1491.72 1508.95 1482.77 144308 51756
2012-08-23 1500.30 1494.01 1509.11 1487.77 126336 52108
2012-08-24 1479.39 1498.51 1505.98 1473.52 124146 55860
2012-08-27 1479.98 1485.09 1494.82 1474.10 131352 59588
2012-08-28 1446.58 1474.00 1475.00 1444.61 148776 63060
2012-08-29 1419.63 1440.25 1446.33 1403.50 248108 62032
2012-08-30 1403.65 1414.94 1417.87 1366.38 447746 68074
2012-08-31 1397.86 1394.59 1414.32 1385.48 233034 66730
2012-09-03 1383.95 1397.58 1400.48 1381.38 204636 74426
2012-09-04 1334.69 1381.86 1381.86 1334.63 387238 83092
2012-09-05 1298.14 1318.20 1339.97 1298.05 394858 87110
2012-09-06 1316.55 1304.56 1330.26 1290.32 650094 90592
2012-09-07 1361.00 1313.00 1361.00 1313.00 503946 81996
2012-09-10 1421.00 1379.00 1421.00 1376.00 531766 65884
2012-09-11 1427.00 1425.00 1436.00 1392.00 664432 63430
2012-09-12 1453.00 1425.00 1469.00 1415.00 1121574 95312
2012-09-13 1441.00 1452.00 1464.00 1436.00 976936 98014
2012-09-14 1451.00 1474.00 1510.00 1441.00 915226 120644
2012-09-17 1441.00 1441.00 1454.00 1413.00 856260 108568
2012-09-18 1473.00 1424.00 1482.00 1420.00 1041180 124220
2012-09-19 1468.00 1482.00 1487.00 1460.00 880192 122154
2012-09-20 1432.00 1454.00 1469.00 1430.00 916996 121210
2012-09-21 1435.00 1441.00 1448.00 1415.00 1033788 117634
2012-09-24 1446.00 1427.00 1451.00 1414.00 775736 132690
2012-09-25 1448.00 1452.00 1474.00 1440.00 998102 117756
2012-09-26 1440.00 1432.00 1447.00 1428.00 679446 107474
2012-09-27 1458.00 1437.00 1494.00 1436.00 542920 88772
2012-09-28 1468.00 1465.00 1472.00 1459.00 299176 69596
2012-10-08 1472.00 1464.00 1480.00 1461.00 261692 74038
2012-10-09 1527.00 1478.00 1529.00 1475.00 678924 116964
2012-10-10 1544.00 1525.00 1559.00 1520.00 853464 126864
2012-10-11 1529.00 1538.00 1548.00 1523.00 655962 128422
2012-10-12 1557.00 1531.00 1577.00 1524.00 1203584 142958
2012-10-15 1531.00 1545.00 1567.00 1524.00 1023174 155350
2012-10-16 1552.00 1536.00 1558.00 1527.00 960526 187134
2012-10-17 1572.00 1555.00 1588.00 1555.00 1181340 185196
2012-10-18 1593.00 1576.00 1597.00 1574.00 825522 188420
2012-10-19 1573.00 1589.00 1601.00 1568.00 939236 174864
2012-10-22 1611.00 1559.00 1611.00 1558.00 875204 175892
2012-10-23 1572.00 1611.00 1622.00 1564.00 1275120 167688
2012-10-24 1594.00 1574.00 1598.00 1553.00 1551822 163782
2012-10-25 1600.00 1602.00 1606.00 1582.00 1589214 153694
2012-10-26 1594.00 1599.00 1605.00 1579.00 1303254 152114
2012-10-29 1560.00 1595.00 1600.00 1557.00 1184026 169020
2012-10-30 1561.00 1556.00 1570.00 1554.00 803660 170414
2012-10-31 1573.00 1564.00 1576.00 1549.00 869474 173542
2012-11-01 1589.00 1572.00 1594.00 1567.00 785426 160316
2012-11-02 1587.00 1587.00 1594.00 1567.00 838650 145910
2012-11-05 1582.00 1578.00 1602.00 1570.00 1308024 152818
2012-11-06 1577.00 1585.00 1592.00 1576.00 855618 162822
2012-11-07 1549.00 1578.00 1580.00 1548.00 1249202 197308
2012-11-08 1544.00 1535.00 1550.00 1528.00 929856 188100
2012-11-09 1558.00 1549.00 1569.00 1546.00 842758 154672
2012-11-12 1574.00 1555.00 1575.00 1555.00 782020 146324
2012-11-13 1568.00 1572.00 1580.00 1563.00 610830 155184
2012-11-14 1567.00 1570.00 1571.00 1563.00 447280 141172
2012-11-15 1573.00 1565.00 1579.00 1561.00 538812 141188
2012-11-16 1588.00 1574.00 1596.00 1574.00 607350 136510
2012-11-19 1566.00 1597.00 1599.00 1563.00 747930 150100
2012-11-20 1570.00 1572.00 1574.00 1563.00 385322 148174
2012-11-21 1593.00 1573.00 1594.00 1571.00 547132 169412
2012-11-22 1587.00 1596.00 1599.00 1583.00 528258 164140
2012-11-23 1588.00 1587.00 1591.00 1582.00 252440 144054
2012-11-26 1571.00 1586.00 1594.00 1571.00 244480 154066
2012-11-27 1568.00 1573.00 1574.00 1564.00 434552 151646
2012-11-28 1556.00 1565.00 1567.00 1552.00 368252 148934
2012-11-29 1534.00 1558.00 1561.00 1532.00 458130 162396
2012-11-30 1529.00 1538.00 1545.00 1518.00 800124 152214
2012-12-03 1562.00 1530.00 1570.00 1530.00 608094 137142
2012-12-04 1564.00 1564.00 1571.00 1553.00 418054 122880
2012-12-05 1586.00 1565.00 1592.00 1559.00 558130 126080
2012-12-06 1574.00 1587.00 1591.00 1570.00 437554 116766
2012-12-07 1604.00 1571.00 1606.00 1571.00 779514 143814
2012-12-10 1624.00 1605.00 1640.00 1604.00 783900 143424
2012-12-11 1622.00 1622.00 1631.00 1617.00 563262 141878
2012-12-12 1626.00 1624.00 1629.00 1613.00 550532 143408
2012-12-13 1619.00 1630.00 1630.00 1614.00 377344 130612
2012-12-14 1658.00 1615.00 1661.00 1615.00 715058 138750
2012-12-17 1669.00 1659.00 1676.00 1652.00 573694 134262
2012-12-18 1677.00 1672.00 1696.00 1669.00 862980 123430
2012-12-19 1679.00 1681.00 1683.00 1669.00 430264 128642
2012-12-20 1673.00 1674.00 1678.00 1655.00 482130 130630
2012-12-21 1677.00 1671.00 1692.00 1671.00 512080 125202
2012-12-24 1673.00 1679.00 1682.00 1664.00 334050 127944
2012-12-25 1706.00 1672.00 1712.00 1669.00 645702 143144
2012-12-26 1729.00 1706.00 1731.00 1704.00 594226 163150
2012-12-27 1729.00 1736.00 1782.00 1726.00 984518 129512
2012-12-28 1759.00 1728.00 1761.00 1723.00 692110 127470
2012-12-31 1824.00 1762.00 1826.00 1758.00 1020558 140950
2013-01-04 1840.00 1835.00 1844.00 1806.00 915334 155092
2013-01-07 1818.00 1838.00 1855.00 1811.00 1027106 162242
2013-01-08 1834.00 1817.00 1845.00 1797.00 1176070 155544
2013-01-09 1815.00 1836.00 1838.00 1804.00 1035098 155156
2013-01-10 1811.00 1818.00 1824.00 1801.00 925716 153598
2013-01-11 1766.00 1817.00 1819.00 1763.00 1078712 147522
2013-01-14 1829.00 1768.00 1856.00 1759.00 1538134 179268
2013-01-15 1811.00 1827.00 1835.00 1802.00 1119628 177616
2013-01-16 1790.00 1808.00 1812.00 1765.00 1209710 169352
2013-01-17 1820.00 1795.00 1822.00 1776.00 1127354 216276
2013-01-18 1868.00 1841.00 1868.00 1819.00 1496208 236084
2013-01-21 1868.00 1873.00 1899.00 1858.00 1306292 233006
2013-01-22 1875.00 1868.00 1882.00 1845.00 1382228 208416
2013-01-23 1886.00 1877.00 1892.00 1866.00 1065278 223542
2013-01-24 1870.00 1882.00 1884.00 1851.00 1304434 210572
2013-01-25 1877.00 1871.00 1886.00 1866.00 916668 213672
2013-01-28 1876.00 1876.00 1883.00 1864.00 610314 206972
2013-01-29 1893.00 1874.00 1900.00 1870.00 876660 221538
2013-01-30 1893.00 1896.00 1913.00 1890.00 704790 211018
2013-01-31 1909.00 1892.00 1910.00 1886.00 603024 211158
2013-02-01 1913.00 1912.00 1917.00 1900.00 677688 191804
2013-02-04 1941.00 1917.00 1949.00 1917.00 571536 182400
2013-02-05 1976.00 1933.00 1983.00 1933.00 814980 198830
2013-02-06 1995.00 1975.00 1997.00 1975.00 681324 208254
2013-02-07 1994.00 1997.00 2006.00 1957.00 790540 165826
2013-02-08 1985.00 1987.00 1999.00 1979.00 344880 123406
2013-02-18 1944.00 1976.00 1983.00 1941.00 280522 128388
2013-02-19 1960.00 1941.00 1968.00 1934.00 624046 185058
2013-02-20 1939.00 1962.00 1968.00 1928.00 580080 185156
2013-02-21 1874.00 1922.00 1926.00 1874.00 401720 162258
2013-02-22 1833.00 1853.00 1875.00 1833.00 571880 139214
2013-02-25 1835.00 1839.00 1854.00 1824.00 670560 171892
2013-02-26 1809.00 1823.00 1846.00 1804.00 704618 164496
2013-02-27 1839.00 1825.00 1842.00 1819.00 787162 165008
2013-02-28 1864.00 1845.00 1868.00 1845.00 610264 162108
2013-03-01 1833.00 1855.00 1857.00 1793.00 1111522 168190
2013-03-04 1772.00 1820.00 1823.00 1764.00 1162570 180758
2013-03-05 1803.00 1783.00 1811.00 1777.00 810638 162196
2013-03-06 1789.00 1808.00 1822.00 1784.00 1256908 181566
2013-03-07 1761.00 1788.00 1788.00 1756.00 1098778 204280
2013-03-08 1748.00 1771.00 1774.00 1718.00 1398430 187350
2013-03-11 1733.00 1743.00 1751.00 1726.00 961398 198876
2013-03-12 1734.00 1733.00 1743.00 1724.00 941358 212960
2013-03-13 1714.00 1742.00 1742.00 1708.00 1295362 205096
2013-03-14 1652.00 1700.00 1701.00 1652.00 1026344 192150
2013-03-15 1667.00 1652.00 1721.00 1640.00 1794250 200656
2013-03-18 1657.00 1650.00 1686.00 1634.00 1522870 189004
2013-03-19 1673.00 1665.00 1679.00 1660.00 1168218 196016
2013-03-20 1683.00 1657.00 1690.00 1655.00 1072862 205398
2013-03-21 1696.00 1689.00 1724.00 1682.00 1559628 226362
2013-03-22 1678.00 1688.00 1706.00 1674.00 1001246 213418
2013-03-25 1682.00 1686.00 1699.00 1679.00 845162 216116
2013-03-26 1660.00 1677.00 1686.00 1654.00 1047868 212530
2013-03-27 1657.00 1667.00 1670.00 1657.00 540468 201194
2013-03-28 1609.00 1657.00 1660.00 1603.00 1223146 237058
2013-03-29 1581.00 1594.00 1612.00 1567.00 1432430 207018
2013-04-01 1570.00 1580.00 1594.00 1556.00 1324114 205100
2013-04-02 1621.00 1566.00 1627.00 1565.00 1721092 200236
2013-04-03 1619.00 1618.00 1635.00 1607.00 1431452 193322
2013-04-08 1635.00 1602.00 1637.00 1595.00 1373944 231090
2013-04-09 1630.00 1639.00 1648.00 1628.00 1493746 258348
2013-04-10 1613.00 1635.00 1637.00 1607.00 1032724 266490
2013-04-11 1597.00 1611.00 1629.00 1596.00 1180660 251854
2013-04-12 1599.00 1595.00 1610.00 1588.00 1491246 259128
2013-04-15 1548.00 1580.00 1580.00 1543.00 1284378 244676
2013-04-16 1551.00 1517.00 1557.00 1508.00 1556730 233998
2013-04-17 1526.00 1556.00 1567.00 1511.00 2032020 237156
2013-04-18 1530.00 1499.00 1535.00 1478.00 2387488 252740
2013-04-19 1548.00 1543.00 1553.00 1519.00 2109766 233266
2013-04-22 1520.00 1545.00 1550.00 1520.00 1251406 232202
2013-04-23 1493.00 1525.00 1528.00 1490.00 1251088 247326
2013-04-24 1519.00 1496.00 1539.00 1484.00 1937486 239366
2013-04-25 1516.00 1521.00 1525.00 1506.00 1459728 233688
2013-04-26 1500.00 1531.00 1540.00 1498.00 1256172 205070
2013-05-02 1473.00 1469.00 1480.00 1458.00 749762 233658
2013-05-03 1498.00 1481.00 1510.00 1478.00 1425796 267402
2013-05-06 1518.00 1528.00 1532.00 1517.00 850110 252426
2013-05-07 1505.00 1516.00 1535.00 1502.00 1547770 281470
2013-05-08 1535.00 1507.00 1535.00 1504.00 1127588 285738
2013-05-09 1519.00 1540.00 1540.00 1512.00 1002794 280528
2013-05-10 1548.00 1512.00 1554.00 1508.00 1459474 294788
2013-05-13 1578.00 1548.00 1587.00 1536.00 1738256 254348
2013-05-14 1577.00 1575.00 1589.00 1553.00 2259330 315578
2013-05-15 1521.00 1573.00 1575.00 1519.00 1715220 305588
2013-05-16 1519.00 1520.00 1535.00 1496.00 1881028 318342
2013-05-17 1557.00 1526.00 1564.00 1516.00 2101836 314668
2013-05-20 1563.00 1555.00 1579.00 1554.00 1609224 320528
2013-05-21 1572.00 1571.00 1585.00 1553.00 1787424 320920
2013-05-22 1581.00 1568.00 1589.00 1565.00 1506116 332406
2013-05-23 1555.00 1570.00 1579.00 1549.00 1702864 296896
2013-05-24 1565.00 1562.00 1574.00 1556.00 1414336 284590
2013-05-27 1527.00 1553.00 1553.00 1526.00 1375720 326236
2013-05-28 1528.00 1530.00 1535.00 1513.00 1272998 314628
2013-05-29 1498.00 1526.00 1539.00 1495.00 1286798 329780
2013-05-30 1506.00 1491.00 1514.00 1487.00 1568904 322346
2013-05-31 1482.00 1511.00 1522.00 1480.00 1707798 332632
2013-06-03 1501.00 1490.00 1502.00 1474.00 1610588 323504
2013-06-04 1512.00 1505.00 1512.00 1493.00 1371070 332204
2013-06-05 1513.00 1511.00 1520.00 1499.00 1278260 305220
2013-06-06 1449.00 1506.00 1506.00 1448.00 1737558 356862
2013-06-07 1454.00 1449.00 1459.00 1434.00 1423770 282106
2013-06-13 1448.00 1445.00 1453.00 1438.00 1005378 312056
2013-06-14 1458.00 1458.00 1466.00 1446.00 1316044 356592
2013-06-17 1474.00 1464.00 1507.00 1461.00 1763564 346784
2013-06-18 1485.00 1476.00 1496.00 1468.00 1460402 361046
2013-06-19 1499.00 1489.00 1501.00 1481.00 1606208 368336
2013-06-20 1442.00 1489.00 1491.00 1436.00 1742046 375586
2013-06-21 1442.00 1425.00 1455.00 1406.00 1868838 398206
2013-06-24 1416.00 1440.00 1453.00 1414.00 1755798 383054
2013-06-25 1427.00 1421.00 1437.00 1405.00 1836550 405284
2013-06-26 1405.00 1435.00 1437.00 1397.00 1593856 346310
2013-06-27 1422.00 1410.00 1428.00 1405.00 1541560 345216
2013-06-28 1428.00 1419.00 1442.00 1415.00 1430814 316222
2013-07-01 1430.00 1425.00 1434.00 1418.00 1077748 323158
2013-07-02 1430.00 1437.00 1439.00 1424.00 1191366 323836
2013-07-03 1416.00 1427.00 1430.00 1410.00 1615308 360342
2013-07-04 1430.00 1414.00 1431.00 1408.00 1229798 351378
2013-07-05 1434.00 1429.00 1441.00 1425.00 1025672 337590
2013-07-08 1416.00 1429.00 1432.00 1405.00 1127198 339622
2013-07-09 1414.00 1417.00 1427.00 1413.00 783070 347756
2013-07-10 1437.00 1411.00 1441.00 1395.00 1495234 310212
2013-07-11 1454.00 1444.00 1467.00 1442.00 1647450 300866
2013-07-12 1432.00 1450.00 1450.00 1429.00 956368 296154
2013-07-15 1422.00 1432.00 1440.00 1418.00 896694 307310
2013-07-16 1424.00 1426.00 1428.00 1413.00 806646 298382
2013-07-17 1452.00 1426.00 1463.00 1425.00 1793302 345496
2013-07-18 1455.00 1451.00 1456.00 1441.00 918304 309180
2013-07-19 1471.00 1465.00 1480.00 1461.00 1063674 294230
2013-07-22 1469.00 1475.00 1483.00 1465.00 904448 292974
2013-07-23 1476.00 1466.00 1480.00 1463.00 626210 295134
2013-07-24 1474.00 1477.00 1485.00 1459.00 1092384 285664
2013-07-25 1469.00 1467.00 1479.00 1464.00 691714 278292
2013-07-26 1461.00 1473.00 1473.00 1460.00 511400 261060
2013-07-29 1444.00 1452.00 1456.00 1440.00 502958 238608
2013-07-30 1440.00 1445.00 1453.00 1436.00 646530 239326
2013-07-31 1452.00 1436.00 1453.00 1436.00 511160 256244
2013-08-01 1468.00 1459.00 1476.00 1455.00 752922 296194
2013-08-02 1479.00 1471.00 1481.00 1469.00 511520 281902
2013-08-05 1482.00 1480.00 1487.00 1477.00 498412 292286
2013-08-06 1475.00 1481.00 1482.00 1467.00 544734 280774
2013-08-07 1479.00 1470.00 1485.00 1467.00 672866 278212
2013-08-08 1511.00 1484.00 1514.00 1484.00 711974 307080
2013-08-09 1524.00 1514.00 1527.00 1504.00 745212 298976
2013-08-12 1572.00 1532.00 1573.00 1528.00 1043756 304548
2013-08-13 1604.00 1572.00 1607.00 1569.00 1081118 285514
2013-08-14 1594.00 1600.00 1629.00 1588.00 1619546 303022
2013-08-15 1597.00 1600.00 1613.00 1590.00 1249058 285082
2013-08-16 1581.00 1606.00 1607.00 1571.00 1374106 263170
2013-08-19 1596.00 1578.00 1624.00 1573.00 1434862 279492
2013-08-20 1601.00 1592.00 1612.00 1589.00 1246302 263036
2013-08-21 1607.00 1604.00 1612.00 1598.00 849150 258872
2013-08-22 1606.00 1603.00 1618.00 1596.00 1016144 264950
2013-08-23 1641.00 1608.00 1646.00 1607.00 1295712 285862
2013-08-26 1654.00 1661.00 1682.00 1644.00 1139912 303734
2013-08-27 1656.00 1649.00 1660.00 1642.00 834130 278752
2013-08-28 1586.00 1657.00 1666.00 1586.00 1227698 278002
2013-08-29 1587.00 1586.00 1594.00 1572.00 835576 228774
2013-08-30 1584.00 1589.00 1599.00 1568.00 1009754 234466
2013-09-02 1631.00 1595.00 1640.00 1595.00 1113270 278190
2013-09-03 1616.00 1634.00 1638.00 1606.00 753990 265872
2013-09-04 1612.00 1619.00 1627.00 1604.00 726716 276490
2013-09-05 1617.00 1607.00 1621.00 1606.00 679744 266514
2013-09-06 1613.00 1621.00 1627.00 1597.00 937628 273598
2013-09-09 1624.00 1618.00 1630.00 1617.00 477658 264600
2013-09-10 1612.00 1624.00 1625.00 1602.00 671772 283258
2013-09-11 1613.00 1619.00 1619.00 1603.00 608354 297392
2013-09-12 1588.00 1613.00 1613.00 1588.00 792020 308196
2013-09-13 1577.00 1587.00 1588.00 1575.00 513452 316558
2013-09-16 1572.00 1585.00 1602.00 1569.00 631236 326944
2013-09-17 1580.00 1571.00 1581.00 1547.00 781592 298716
2013-09-18 1593.00 1577.00 1600.00 1571.00 709212 324860
2013-09-23 1600.00 1591.00 1602.00 1580.00 507184 331548
2013-09-24 1589.00 1598.00 1604.00 1585.00 497064 338134
2013-09-25 1598.00 1588.00 1599.00 1581.00 462144 314528
2013-09-26 1594.00 1598.00 1605.00 1592.00 414690 312732
2013-09-27 1578.00 1592.00 1593.00 1575.00 472900 322352
2013-09-30 1555.00 1578.00 1578.00 1553.00 376596 282334
2013-10-08 1568.00 1552.00 1575.00 1525.00 606122 298432
2013-10-09 1573.00 1566.00 1581.00 1561.00 516828 310500
2013-10-10 1564.00 1568.00 1574.00 1561.00 356700 314492
2013-10-11 1573.00 1568.00 1582.00 1567.00 336884 309950
2013-10-14 1615.00 1575.00 1615.00 1565.00 618308 338734
2013-10-15 1611.00 1619.00 1635.00 1604.00 702548 343106
2013-10-16 1596.00 1608.00 1613.00 1593.00 495514 344924
2013-10-17 1583.00 1602.00 1610.00 1582.00 535800 348924
2013-10-18 1586.00 1588.00 1595.00 1579.00 433096 355702
2013-10-21 1626.00 1587.00 1626.00 1583.00 604962 377986
2013-10-22 1613.00 1624.00 1627.00 1608.00 453992 381872
2013-10-23 1605.00 1613.00 1618.00 1593.00 546310 404618
2013-10-24 1581.00 1601.00 1602.00 1574.00 646690 417210
2013-10-25 1556.00 1578.00 1590.00 1555.00 666072 448596
2013-10-28 1562.00 1557.00 1570.00 1554.00 512206 441034
2013-10-29 1565.00 1564.00 1573.00 1546.00 795576 427382
2013-10-30 1585.00 1568.00 1588.00 1563.00 637824 411900
2013-10-31 1572.00 1582.00 1587.00 1565.00 713752 398928
2013-11-01 1595.00 1573.00 1596.00 1568.00 625742 389820
2013-11-04 1581.00 1594.00 1602.00 1578.00 602486 371460
2013-11-05 1578.00 1580.00 1583.00 1566.00 633150 360666
2013-11-06 1572.00 1578.00 1584.00 1567.00 622584 368496
2013-11-07 1576.00 1573.00 1585.00 1569.00 527578 360522
2013-11-08 1554.00 1576.00 1578.00 1554.00 671416 361674
2013-11-11 1559.00 1558.00 1565.00 1553.00 416710 340658
2013-11-12 1575.00 1562.00 1576.00 1554.00 591386 346626
2013-11-13 1584.00 1572.00 1587.00 1569.00 615764 344668
2013-11-14 1586.00 1586.00 1596.00 1579.00 464460 343266
2013-11-15 1574.00 1588.00 1593.00 1572.00 472540 328186
2013-11-18 1584.00 1579.00 1589.00 1575.00 559372 333434
2013-11-19 1608.00 1581.00 1608.00 1580.00 505896 348650
2013-11-20 1610.00 1610.00 1619.00 1605.00 599296 311676
2013-11-21 1598.00 1608.00 1611.00 1597.00 491238 306992
2013-11-22 1603.00 1601.00 1615.00 1600.00 448122 299180
2013-11-25 1600.00 1607.00 1610.00 1595.00 445678 304490
2013-11-26 1611.00 1602.00 1624.00 1599.00 644384 327044
2013-11-27 1604.00 1609.00 1611.00 1598.00 520600 296076
2013-11-28 1609.00 1601.00 1616.00 1601.00 430602 297646
2013-11-29 1608.00 1612.00 1614.00 1605.00 327756 289794
2013-12-02 1621.00 1607.00 1624.00 1606.00 522396 306448
2013-12-03 1618.00 1618.00 1623.00 1612.00 403294 286140
2013-12-04 1630.00 1619.00 1639.00 1618.00 565886 284086
2013-12-05 1617.00 1633.00 1638.00 1616.00 469666 283350
2013-12-06 1614.00 1614.00 1618.00 1607.00 503578 285802
2013-12-09 1614.00 1614.00 1621.00 1609.00 288808 272882
2013-12-10 1614.00 1614.00 1619.00 1612.00 285492 267120
2013-12-11 1610.00 1614.00 1615.00 1604.00 407066 278244
2013-12-12 1608.00 1613.00 1624.00 1607.00 484108 274258
2013-12-13 1559.00 1604.00 1604.00 1553.00 793438 252048
2013-12-16 1559.00 1560.00 1568.00 1550.00 456634 265158
2013-12-17 1560.00 1566.00 1574.00 1557.00 479036 241084
2013-12-18 1564.00 1560.00 1567.00 1546.00 539762 227140
2013-12-19 1560.00 1568.00 1573.00 1551.00 445574 222856
2013-12-20 1539.00 1558.00 1560.00 1537.00 481780 214046
2013-12-23 1520.00 1540.00 1540.00 1519.00 424428 229294
2013-12-24 1527.00 1521.00 1533.00 1517.00 384418 243880
2013-12-25 1519.00 1530.00 1535.00 1509.00 449744 247214
2013-12-26 1514.00 1517.00 1520.00 1511.00 302532 243432
2013-12-27 1514.00 1515.00 1523.00 1507.00 485482 237246
2013-12-30 1491.00 1515.00 1521.00 1489.00 460370 247106
2013-12-31 1464.00 1485.00 1488.00 1458.00 836802 220106
2014-01-02 1460.00 1461.00 1470.00 1455.00 422174 228992
2014-01-03 1432.00 1457.00 1458.00 1428.00 469084 229848
2014-01-06 1424.00 1428.00 1440.00 1418.00 565192 230240
2014-01-07 1421.00 1426.00 1432.00 1415.00 614820 245746
2014-01-08 1420.00 1417.00 1426.00 1415.00 337798 234792
2014-01-09 1380.00 1416.00 1431.00 1377.00 781130 276252
2014-01-10 1390.00 1378.00 1395.00 1372.00 669712 271542
2014-01-13 1381.00 1394.00 1407.00 1376.00 625814 261846
2014-01-14 1400.00 1374.00 1403.00 1374.00 607622 260352
2014-01-15 1398.00 1398.00 1403.00 1390.00 465706 251068
2014-01-16 1394.00 1403.00 1406.00 1390.00 500376 261020
2014-01-17 1385.00 1391.00 1392.00 1375.00 560508 265440
2014-01-20 1356.00 1382.00 1390.00 1347.00 816792 260818
2014-01-21 1352.00 1359.00 1361.00 1347.00 441964 266654
2014-01-22 1351.00 1348.00 1372.00 1342.00 718312 273240
2014-01-23 1366.00 1349.00 1368.00 1346.00 568236 256856
2014-01-24 1381.00 1362.00 1383.00 1353.00 847038 240064
2014-01-27 1370.00 1375.00 1378.00 1364.00 343738 225048
2014-01-28 1346.00 1366.00 1368.00 1339.00 382492 219072
2014-01-29 1361.00 1348.00 1369.00 1342.00 381886 193434
2014-01-30 1364.00 1359.00 1368.00 1357.00 185862 181726
2014-02-07 1341.00 1365.00 1367.00 1320.00 297020 189948
2014-02-10 1352.00 1343.00 1357.00 1333.00 566654 225974
2014-02-11 1333.00 1347.00 1353.00 1331.00 463650 244584
2014-02-12 1336.00 1334.00 1339.00 1326.00 343156 253950
2014-02-13 1333.00 1333.00 1343.00 1332.00 353724 243854
2014-02-14 1329.00 1335.00 1337.00 1326.00 337180 265912
2014-02-17 1370.00 1327.00 1375.00 1326.00 865920 248262
2014-02-18 1351.00 1368.00 1371.00 1348.00 438558 254064
2014-02-19 1362.00 1356.00 1371.00 1354.00 629260 268578
2014-02-20 1350.00 1359.00 1363.00 1344.00 478974 248852
2014-02-21 1344.00 1353.00 1355.00 1339.00 384310 257298
2014-02-24 1293.00 1338.00 1340.00 1292.00 778692 265870
2014-02-25 1292.00 1294.00 1302.00 1288.00 586750 253576
2014-02-26 1298.00 1290.00 1304.00 1282.00 651554 264898
2014-02-27 1299.00 1295.00 1303.00 1292.00 396968 270746
2014-02-28 1289.00 1297.00 1303.00 1278.00 673560 268504
2014-03-03 1273.00 1286.00 1287.00 1267.00 641856 300410
2014-03-04 1258.00 1273.00 1275.00 1246.00 748266 301502
2014-03-05 1262.00 1261.00 1282.00 1248.00 1183538 339056
2014-03-06 1248.00 1257.00 1261.00 1247.00 686530 348998
2014-03-07 1208.00 1245.00 1252.00 1207.00 1208752 339424
2014-03-10 1182.00 1183.00 1195.00 1182.00 337798 337650
2014-03-11 1171.00 1152.00 1195.00 1131.00 1666780 295170
2014-03-12 1196.00 1148.00 1212.00 1145.00 1904384 332286
2014-03-13 1207.00 1197.00 1210.00 1191.00 935786 316094
2014-03-14 1196.00 1204.00 1205.00 1172.00 1035056 301756
2014-03-17 1192.00 1199.00 1206.00 1185.00 917576 313704
2014-03-18 1205.00 1193.00 1214.00 1186.00 1067886 323566
2014-03-19 1198.00 1201.00 1208.00 1193.00 643084 313176
2014-03-20 1187.00 1205.00 1215.00 1185.00 1032332 308250
2014-03-21 1164.00 1180.00 1188.00 1160.00 1207562 327054
2014-03-24 1179.00 1161.00 1180.00 1157.00 878974 318540
2014-03-25 1213.00 1179.00 1213.00 1177.00 664696 293118
2014-03-26 1200.00 1225.00 1225.00 1197.00 882078 279412
2014-03-27 1198.00 1195.00 1219.00 1188.00 1292958 311112
2014-03-28 1217.00 1198.00 1222.00 1197.00 955960 300672
2014-03-31 1214.00 1219.00 1236.00 1209.00 1096340 285226
2014-04-01 1219.00 1216.00 1221.00 1205.00 656256 286542
2014-04-02 1213.00 1224.00 1228.00 1211.00 617146 304014
2014-04-03 1229.00 1210.00 1247.00 1209.00 1088094 299590
2014-04-04 1256.00 1232.00 1259.00 1229.00 891474 332524
2014-04-08 1273.00 1257.00 1297.00 1256.00 945026 345632
2014-04-09 1258.00 1275.00 1276.00 1253.00 513168 349066
2014-04-10 1244.00 1256.00 1274.00 1239.00 808768 333166
2014-04-11 1247.00 1243.00 1253.00 1237.00 484878 328524
2014-04-14 1250.00 1247.00 1273.00 1238.00 895230 346404
2014-04-15 1266.00 1249.00 1267.00 1244.00 637700 325018
2014-04-16 1260.00 1263.00 1270.00 1249.00 851154 336714
2014-04-17 1248.00 1257.00 1266.00 1248.00 518618 354428
2014-04-18 1199.00 1246.00 1247.00 1196.00 1062278 334796
2014-04-21 1190.00 1198.00 1209.00 1190.00 542064 335204
2014-04-22 1203.00 1188.00 1210.00 1184.00 702422 331708
2014-04-23 1201.00 1207.00 1212.00 1165.00 926062 335562
2014-04-24 1207.00 1201.00 1216.00 1193.00 850704 342232
2014-04-25 1209.00 1211.00 1214.00 1203.00 533316 330792
2014-04-28 1184.00 1205.00 1205.00 1170.00 738216 310640
2014-04-29 1189.00 1188.00 1202.00 1185.00 594380 321984
2014-04-30 1170.00 1190.00 1194.00 1169.00 569856 337974
2014-05-05 1184.00 1167.00 1186.00 1158.00 620938 319948
2014-05-06 1179.00 1187.00 1192.00 1177.00 496814 336710
2014-05-07 1180.00 1177.00 1201.00 1176.00 699812 344124
2014-05-08 1183.00 1180.00 1188.00 1175.00 475676 348114
2014-05-09 1189.00 1185.00 1196.00 1180.00 619098 342654
2014-05-12 1217.00 1192.00 1218.00 1190.00 748490 381024
2014-05-13 1210.00 1220.00 1221.00 1202.00 500710 348542
2014-05-14 1206.00 1210.00 1217.00 1203.00 534016 358288
2014-05-15 1193.00 1208.00 1212.00 1193.00 480228 341154
2014-05-16 1154.00 1189.00 1190.00 1154.00 711440 355346
2014-05-19 1158.00 1152.00 1178.00 1142.00 814150 345030
2014-05-20 1150.00 1158.00 1168.00 1149.00 570868 342930
2014-05-21 1144.00 1146.00 1160.00 1136.00 691312 341840
2014-05-22 1155.00 1148.00 1177.00 1148.00 715546 331462
2014-05-23 1154.00 1158.00 1164.00 1151.00 423666 325648
2014-05-26 1198.00 1157.00 1202.00 1157.00 957688 335072
2014-05-27 1198.00 1198.00 1200.00 1189.00 578718 342238
2014-05-28 1172.00 1196.00 1196.00 1163.00 773816 325660
2014-05-29 1169.00 1171.00 1187.00 1167.00 678054 316326
2014-05-30 1168.00 1167.00 1172.00 1157.00 636672 320446
2014-06-03 1161.00 1174.00 1176.00 1155.00 602390 308596
2014-06-04 1167.00 1161.00 1169.00 1153.00 484160 298010
2014-06-05 1185.00 1170.00 1185.00 1158.00 725724 332256
2014-06-06 1186.00 1188.00 1193.00 1175.00 596128 327578
2014-06-09 1181.00 1184.00 1189.00 1178.00 453344 304524
2014-06-10 1176.00 1185.00 1188.00 1167.00 643040 311498
2014-06-11 1162.00 1175.00 1180.00 1161.00 426954 316298
2014-06-12 1145.00 1158.00 1159.00 1141.00 522824 335002
2014-06-13 1154.00 1142.00 1158.00 1139.00 491664 310260
2014-06-16 1144.00 1151.00 1159.00 1144.00 532682 327166
2014-06-17 1156.00 1142.00 1160.00 1140.00 519382 317186
2014-06-18 1151.00 1159.00 1160.00 1149.00 383374 314344
2014-06-19 1144.00 1151.00 1157.00 1143.00 485324 318542
2014-06-20 1159.00 1146.00 1174.00 1130.00 1050326 298404
2014-06-23 1152.00 1154.00 1172.00 1152.00 730010 334424
2014-06-24 1153.00 1149.00 1154.00 1146.00 435046 323770
2014-06-25 1155.00 1154.00 1164.00 1152.00 395854 321174
2014-06-26 1170.00 1155.00 1173.00 1151.00 705502 342164
2014-06-27 1153.00 1167.00 1173.00 1151.00 524954 333996
2014-06-30 1141.00 1151.00 1152.00 1141.00 448862 334072
2014-07-01 1143.00 1141.00 1149.00 1138.00 487922 348850
2014-07-02 1147.00 1144.00 1150.00 1128.00 625438 349342
2014-07-03 1138.00 1151.00 1152.00 1137.00 367696 369546
2014-07-04 1128.00 1138.00 1142.00 1128.00 393074 385546
2014-07-07 1134.00 1126.00 1136.00 1118.00 638992 350500
2014-07-08 1134.00 1136.00 1138.00 1123.00 434368 354152
2014-07-09 1126.00 1135.00 1136.00 1122.00 475920 366138
2014-07-10 1123.00 1125.00 1133.00 1120.00 477890 366152
2014-07-11 1108.00 1123.00 1127.00 1102.00 680140 377160
2014-07-14 1111.00 1108.00 1115.00 1101.00 470780 385332
2014-07-15 1121.00 1110.00 1128.00 1108.00 532450 365874
2014-07-16 1115.00 1120.00 1124.00 1112.00 429424 374412
2014-07-17 1115.00 1118.00 1123.00 1112.00 439276 373070
2014-07-18 1114.00 1116.00 1127.00 1108.00 644420 364950
2014-07-21 1125.00 1112.00 1125.00 1111.00 396862 346192
2014-07-22 1123.00 1126.00 1134.00 1122.00 463706 324292
2014-07-23 1105.00 1123.00 1125.00 1099.00 782922 356360
2014-07-24 1099.00 1098.00 1107.00 1096.00 457970 352644
2014-07-25 1091.00 1100.00 1109.00 1088.00 516840 344600
2014-07-28 1103.00 1092.00 1107.00 1083.00 870240 342464
2014-07-29 1112.00 1103.00 1120.00 1101.00 714554 327662
2014-07-30 1104.00 1110.00 1117.00 1102.00 409966 322392
2014-07-31 1100.00 1106.00 1108.00 1096.00 363922 330260
2014-08-01 1089.00 1098.00 1100.00 1086.00 489866 351606
2014-08-04 1108.00 1089.00 1110.00 1086.00 582924 351978
2014-08-05 1108.00 1111.00 1123.00 1105.00 834862 336526
2014-08-06 1110.00 1106.00 1118.00 1105.00 498822 347880
2014-08-07 1117.00 1108.00 1123.00 1108.00 515436 345770
2014-08-08 1115.00 1117.00 1124.00 1112.00 424990 332746
2014-08-11 1114.00 1115.00 1120.00 1113.00 307256 344742
2014-08-12 1103.00 1113.00 1115.00 1102.00 363680 333512
2014-08-13 1101.00 1103.00 1110.00 1100.00 394038 345052
2014-08-14 1076.00 1101.00 1101.00 1074.00 684196 338730
2014-08-15 1098.00 1077.00 1100.00 1073.00 701002 342806
2014-08-18 1092.00 1100.00 1104.00 1091.00 491188 339084
2014-08-19 1100.00 1091.00 1101.00 1086.00 432256 343436
2014-08-20 1091.00 1101.00 1102.00 1090.00 292846 338930
2014-08-21 1095.00 1091.00 1098.00 1089.00 313332 333266
2014-08-22 1101.00 1095.00 1112.00 1094.00 406200 334112
2014-08-25 1111.00 1102.00 1112.00 1098.00 385112 330628
2014-08-26 1123.00 1114.00 1123.00 1112.00 328526 319866
2014-08-27 1112.00 1124.00 1134.00 1111.00 576644 309200
2014-08-28 1106.00 1111.00 1116.00 1105.00 448256 295910
2014-08-29 1110.00 1106.00 1116.00 1103.00 334272 287016
2014-09-01 1098.00 1111.00 1114.00 1098.00 307366 274468
2014-09-02 1119.00 1096.00 1127.00 1094.00 642156 298576
2014-09-03 1100.00 1118.00 1120.00 1100.00 504602 297306
2014-09-04 1097.00 1097.00 1110.00 1096.00 646918 286714
2014-09-05 1088.00 1099.00 1104.00 1087.00 464152 291570
2014-09-09 1069.00 1086.00 1093.00 1064.00 548686 323508
2014-09-10 1079.00 1068.00 1085.00 1061.00 664004 334512
2014-09-11 1073.00 1078.00 1080.00 1071.00 265318 327752
2014-09-12 1080.00 1073.00 1083.00 1069.00 266056 334002
2014-09-15 1097.00 1080.00 1106.00 1078.00 423132 324878
2014-09-16 1089.00 1099.00 1103.00 1088.00 341556 327774
2014-09-17 1099.00 1089.00 1104.00 1088.00 363054 322954
2014-09-18 1093.00 1099.00 1102.00 1092.00 237522 327008
2014-09-19 1083.00 1092.00 1093.00 1079.00 334794 316618
2014-09-22 1056.00 1082.00 1091.00 1046.00 903940 311466
2014-09-23 1073.00 1055.00 1083.00 1053.00 662020 313260
2014-09-24 1075.00 1072.00 1079.00 1068.00 314852 310230
2014-09-25 1060.00 1073.00 1079.00 1058.00 491448 271480
2014-09-26 1069.00 1059.00 1074.00 1055.00 421704 264406
2014-09-29 1057.00 1067.00 1071.00 1052.00 335218 243240
2014-09-30 1057.00 1058.00 1068.00 1055.00 200564 219058
2014-10-08 1062.00 1063.00 1083.00 1061.00 145460 228280
2014-10-09 1094.00 1063.00 1099.00 1059.00 666764 299434
2014-10-10 1085.00 1095.00 1096.00 1077.00 437150 272238
2014-10-13 1105.00 1086.00 1118.00 1085.00 825932 303240
2014-10-14 1095.00 1104.00 1104.00 1093.00 280708 283564
2014-10-15 1090.00 1095.00 1102.00 1088.00 275922 280982
2014-10-16 1081.00 1088.00 1088.00 1071.00 319508 271762
2014-10-17 1082.00 1078.00 1090.00 1073.00 307636 282540
2014-10-20 1088.00 1085.00 1094.00 1080.00 380356 260638
2014-10-21 1082.00 1089.00 1090.00 1080.00 205630 263550
2014-10-22 1079.00 1086.00 1092.00 1072.00 445018 257060
2014-10-23 1084.00 1081.00 1085.00 1075.00 224302 256176
2014-10-24 1105.00 1083.00 1105.00 1083.00 508838 301042
2014-10-27 1092.00 1106.00 1109.00 1089.00 346996 260450
2014-10-28 1081.00 1090.00 1092.00 1078.00 320952 259950
2014-10-29 1085.00 1084.00 1088.00 1076.00 292288 248636
2014-10-30 1082.00 1086.00 1093.00 1081.00 287128 251702
2014-10-31 1082.00 1082.00 1088.00 1079.00 260500 237740
2014-11-03 1083.00 1081.00 1094.00 1081.00 294668 243928
2014-11-04 1071.00 1083.00 1085.00 1064.00 406640 231114
2014-11-05 1057.00 1065.00 1074.00 1054.00 450160 223022
2014-11-06 1060.00 1057.00 1065.00 1052.00 244416 226400
2014-11-07 1067.00 1058.00 1068.00 1058.00 244000 214276
2014-11-10 1073.00 1066.00 1076.00 1066.00 192522 214662
2014-11-11 1066.00 1073.00 1074.00 1062.00 194248 225516
2014-11-12 1070.00 1068.00 1070.00 1063.00 141870 216352
2014-11-13 1066.00 1069.00 1071.00 1062.00 131144 209176
2014-11-14 1065.00 1067.00 1068.00 1063.00 88580 196214
2014-11-17 1065.00 1063.00 1072.00 1063.00 112580 195206
2014-11-18 1049.00 1064.00 1064.00 1048.00 253644 207958
2014-11-19 1049.00 1049.00 1051.00 1043.00 151084 208164
2014-11-20 1048.00 1050.00 1053.00 1047.00 84746 206332
2014-11-21 1045.00 1049.00 1049.00 1035.00 227096 198800
2014-11-24 1043.00 1055.00 1069.00 1042.00 361330 210000
2014-11-25 1047.00 1042.00 1048.00 1035.00 255706 210768
2014-11-26 1044.00 1046.00 1049.00 1040.00 210986 217456
2014-11-27 1059.00 1044.00 1064.00 1042.00 328526 216198
2014-11-28 1050.00 1057.00 1057.00 1046.00 347722 213768
2014-12-01 1045.00 1049.00 1051.00 1018.00 340708 207776
2014-12-02 1045.00 1047.00 1058.00 1043.00 264860 212724
2014-12-03 1049.00 1044.00 1050.00 1042.00 170726 212360
2014-12-04 1051.00 1049.00 1057.00 1047.00 303954 221062
2014-12-05 1050.00 1050.00 1053.00 1048.00 140058 220744
2014-12-08 1048.00 1050.00 1054.00 1047.00 158328 229012
2014-12-09 1049.00 1046.00 1050.00 1039.00 227936 234694
2014-12-10 1052.00 1049.00 1054.00 1046.00 148736 233144
2014-12-11 1056.00 1051.00 1056.00 1046.00 151680 226640
2014-12-12 1059.00 1056.00 1062.00 1055.00 267380 238434
2014-12-15 1059.00 1060.00 1061.00 1055.00 104124 233488
2014-12-16 1055.00 1058.00 1059.00 1050.00 155092 238946
2014-12-17 1041.00 1054.00 1055.00 1036.00 225594 253018
2014-12-18 1053.00 1039.00 1053.00 1031.00 179172 239876
2014-12-19 1061.00 1052.00 1061.00 1049.00 134054 240242
2014-12-22 1042.00 1061.00 1061.00 1040.00 239392 249998
2014-12-23 1023.00 1039.00 1041.00 1023.00 395086 301200
2014-12-24 1033.00 1021.00 1036.00 1019.00 251628 282620
2014-12-25 1029.00 1033.00 1036.00 1028.00 107396 285496
2014-12-26 1030.00 1029.00 1033.00 1027.00 87928 276928
2014-12-29 1030.00 1028.00 1034.00 1026.00 150910 275014
2014-12-30 1070.00 1031.00 1070.00 1030.00 523878 227592
2014-12-31 1058.00 1080.00 1081.00 1053.00 323230 158332
2015-01-05 1053.00 1048.00 1064.00 1042.00 98234 146720
2015-01-06 1070.00 1053.00 1080.00 1051.00 371840 166088
2015-01-07 1072.00 1071.00 1076.00 1062.00 169038 166302
2015-01-08 1080.00 1073.00 1082.00 1068.00 227106 166144
2015-01-09 1076.00 1079.00 1081.00 1071.00 152524 146438
2015-01-12 1060.00 1074.00 1080.00 1059.00 154892 137154
2015-01-13 1061.00 1059.00 1061.00 1052.00 75222 139632
2015-01-14 1057.00 1058.00 1064.00 1050.00 142598 136980
2015-01-15 1060.00 1059.00 1064.00 1053.00 132332 149020
2015-01-16 1054.00 1066.00 1068.00 1053.00 87624 138840
2015-01-19 1044.00 1046.00 1058.00 1039.00 220650 148190
2015-01-20 1039.00 1043.00 1045.00 1031.00 158030 121454
2015-01-21 1038.00 1040.00 1045.00 1037.00 75090 117844
2015-01-22 1035.00 1039.00 1044.00 1034.00 88734 116692
2015-01-23 1035.00 1035.00 1039.00 1032.00 106846 121078
2015-01-26 1019.00 1037.00 1037.00 1017.00 159254 132410
2015-01-27 1026.00 1019.00 1033.00 1018.00 80914 122330
2015-01-28 1029.00 1025.00 1030.00 1023.00 41122 121696
2015-01-29 1027.00 1030.00 1033.00 1025.00 59522 115586
2015-01-30 1027.00 1027.00 1029.00 1025.00 27788 113392
2015-02-02 1029.00 1027.00 1031.00 1026.00 40952 112034
2015-02-03 1033.00 1029.00 1037.00 1028.00 72944 104446
2015-02-04 1030.00 1034.00 1040.00 1029.00 71716 109416
2015-02-05 1033.00 1033.00 1035.00 1031.00 39756 106264
2015-02-06 1041.00 1032.00 1043.00 1032.00 72118 112420
2015-02-09 1036.00 1042.00 1048.00 1033.00 42148 106756
2015-02-10 1037.00 1037.00 1039.00 1035.00 19618 104772
2015-02-11 1038.00 1037.00 1038.00 1034.00 18482 100974
2015-02-12 1035.00 1038.00 1039.00 1034.00 18658 98300
2015-02-13 1042.00 1036.00 1045.00 1034.00 48926 96654
2015-02-16 1042.00 1041.00 1045.00 1040.00 34780 87488
2015-02-17 1032.00 1042.00 1042.00 1029.00 42826 81354
2015-02-25 1022.00 1027.00 1031.00 1021.00 34164 80860
2015-02-26 1030.00 1022.00 1031.00 1022.00 29118 84084
2015-02-27 1025.00 1030.00 1031.00 1024.00 27936 83728
2015-03-02 1027.00 1025.00 1028.00 1021.00 58966 89256
2015-03-03 1026.00 1027.00 1030.00 1023.00 37968 85134
2015-03-04 1026.00 1027.00 1027.00 1024.00 20664 81706
2015-03-05 1006.00 1025.00 1025.00 1002.00 82300 92330
2015-03-06 1007.00 1006.00 1011.00 1004.00 31886 95150
2015-03-09 1012.00 1007.00 1016.00 1004.00 52144 88770
2015-03-10 1009.00 1014.00 1015.00 1008.00 29428 85422
2015-03-11 1010.00 1008.00 1013.00 1005.00 25746 84748
2015-03-12 1012.00 1008.00 1012.00 1008.00 19120 84534
2015-03-13 1012.00 1013.00 1014.00 1006.00 33622 84506
2015-03-16 1008.00 1011.00 1013.00 998.00 69206 89894
2015-03-17 1003.00 1010.00 1010.00 1001.00 34060 94972
2015-03-18 990.00 999.00 1002.00 987.00 79046 98598
2015-03-19 988.00 990.00 994.00 985.00 38370 95508
2015-03-20 984.00 988.00 992.00 984.00 28630 94806
2015-03-23 977.00 984.00 988.00 972.00 74390 102476
2015-03-24 977.00 975.00 986.00 974.00 66406 102008
2015-03-25 966.00 977.00 978.00 957.00 161734 126826
2015-03-26 961.00 970.00 970.00 959.00 82258 125476
2015-03-27 948.00 960.00 961.00 937.00 186956 127612
2015-03-30 942.00 946.00 958.00 941.00 123310 124358
2015-03-31 939.00 946.00 948.00 936.00 146516 126336
2015-04-01 941.00 939.00 946.00 935.00 101810 128360
2015-04-02 928.00 939.00 945.00 925.00 131144 126794
2015-04-03 929.00 925.00 934.00 923.00 91994 123758
2015-04-07 929.00 925.00 933.00 924.00 49028 122592
2015-04-08 913.00 929.00 930.00 900.00 169520 125358
2015-04-09 902.00 915.00 916.00 898.00 91474 124794
2015-04-10 889.00 903.00 904.00 884.00 126994 128632
2015-04-13 918.00 889.00 920.00 888.00 195842 128502
2015-04-14 922.00 917.00 924.00 908.00 155974 125972
2015-04-15 901.00 919.00 919.00 900.00 160122 143446
2015-04-16 911.00 901.00 917.00 898.00 119574 132302
2015-04-17 909.00 912.00 916.00 908.00 71598 130794
2015-04-20 893.50 908.00 911.00 889.50 155344 137822
2015-04-21 899.00 892.00 899.50 891.00 68372 136808
2015-04-22 909.00 897.50 917.00 897.50 164480 127288
2015-04-23 901.50 909.50 914.00 900.50 104376 128328
2015-04-24 926.50 902.50 932.00 902.50 281072 131076
2015-04-27 945.00 927.50 955.50 922.00 376784 147432
2015-04-28 931.50 943.50 945.00 927.00 261130 158218
2015-04-29 906.00 930.00 935.50 901.50 280512 157964
2015-04-30 913.00 906.00 919.50 906.00 187982 141846
2015-05-04 909.50 907.00 918.00 883.00 347234 177090
2015-05-05 931.00 908.50 940.00 908.50 667024 206002
2015-05-06 935.00 934.00 941.50 924.00 512796 222800
2015-05-07 924.50 935.50 938.00 920.50 287190 221806
2015-05-08 934.50 924.00 939.00 921.00 562758 219922
2015-05-11 931.50 935.50 939.50 927.00 309632 222932
2015-05-12 915.50 931.50 935.00 914.50 307448 219970
2015-05-13 914.50 918.50 925.50 912.50 280226 212754
2015-05-14 910.50 915.50 920.00 902.00 381794 197486
2015-05-15 917.00 911.00 919.50 909.50 201120 191710
2015-05-18 915.00 916.50 924.50 914.00 193762 184300
2015-05-19 910.50 913.50 916.00 909.50 147848 179308
2015-05-20 903.50 909.00 911.00 894.50 229818 168850
2015-05-21 912.00 903.50 915.00 901.00 195264 171066
2015-05-22 914.00 912.50 916.50 905.00 170984 174570
2015-05-25 912.50 911.50 914.50 907.00 155890 174242
2015-05-26 911.00 910.50 922.50 909.50 286954 180940
2015-05-27 914.50 910.50 917.50 910.50 121380 172336
2015-05-28 916.00 914.00 917.50 910.00 125880 165000
2015-05-29 917.00 915.00 917.50 910.50 168420 164928
2015-06-01 925.00 917.00 930.00 917.00 264284 174428
2015-06-02 927.00 926.00 929.50 921.50 141696 173896
2015-06-03 921.00 927.00 927.00 920.00 99612 165760
2015-06-04 923.50 921.00 924.00 914.50 146122 161652
2015-06-05 916.50 922.50 924.00 916.00 96184 159964
2015-06-08 915.00 917.50 919.00 913.00 74800 153898
2015-06-09 914.50 915.00 917.00 913.50 64268 149714
2015-06-10 921.00 915.50 921.00 914.50 103598 155090
2015-06-11 917.50 921.00 922.50 917.00 91600 154406
2015-06-12 904.00 917.50 918.50 903.50 160654 142008
2015-06-15 901.00 904.00 908.50 899.00 97530 144600
2015-06-16 900.50 901.00 904.50 896.00 93926 146116
2015-06-17 884.00 900.50 901.50 883.50 225880 176378
2015-06-18 881.50 884.50 887.50 880.50 154546 182848
2015-06-19 885.50 881.50 888.50 881.50 89348 165236
2015-06-23 884.00 885.00 888.50 881.00 56920 167876
2015-06-24 886.50 884.00 890.00 881.50 90268 170056
2015-06-25 877.00 886.50 887.50 877.00 143462 184064
2015-06-26 880.50 878.00 886.00 875.50 110800 165626
2015-06-29 872.50 882.50 882.50 871.50 127262 175902
2015-06-30 871.00 872.50 875.50 863.50 170636 157280
2015-07-01 876.50 871.00 887.50 870.00 140088 151984
2015-07-02 881.00 876.00 884.00 873.00 106768 150520
2015-07-03 885.00 878.50 887.50 878.50 109832 138378
2015-07-06 854.00 883.00 883.50 847.50 233508 147182
2015-07-07 846.50 857.00 858.50 845.50 195268 134522
2015-07-08 817.50 849.50 853.50 817.50 230180 102156
2015-07-09 830.50 792.00 861.00 786.00 383476 83152
2015-07-10 813.50 830.50 840.50 813.50 269466 108516
2015-07-13 815.00 812.00 819.00 809.50 139878 104954
2015-07-14 811.00 816.50 823.50 810.50 95816 101796
2015-07-15 807.00 811.50 816.00 806.50 78908 104534
2015-07-16 810.00 807.50 815.00 803.50 92072 101908
2015-07-17 812.50 808.00 813.50 808.00 45136 101070
2015-07-20 823.00 808.50 825.50 808.50 131978 100254
2015-07-21 814.00 826.50 826.50 810.50 86166 103532
2015-07-22 806.50 814.00 815.50 802.00 114462 109510
2015-07-23 806.50 807.00 811.50 803.00 54158 106304
2015-07-24 804.50 806.00 809.00 804.00 45488 103308
2015-07-27 808.50 805.00 816.50 804.00 75908 96032
2015-07-28 813.50 808.00 816.00 805.00 75256 94436
2015-07-29 823.50 813.50 827.50 813.00 120360 92154
2015-07-30 812.00 825.50 825.50 811.50 80134 97974
2015-07-31 821.50 812.50 822.50 811.00 63460 92954
2015-08-03 815.50 824.50 826.50 814.00 97074 91900
2015-08-04 817.50 813.00 818.00 810.50 74452 91114
2015-08-05 816.50 820.50 820.50 813.00 64534 91448
2015-08-06 815.50 815.00 818.50 812.00 50856 93626
2015-08-07 814.50 816.00 816.50 811.50 52802 87870
2015-08-10 810.00 813.00 815.50 807.50 58354 90740
2015-08-11 816.50 810.00 822.00 808.50 102782 84594
2015-08-12 831.00 814.00 832.00 814.00 98010 84182
2015-08-13 827.00 831.00 834.00 821.50 149766 94702
2015-08-14 828.00 825.00 830.00 825.00 76020 96062
2015-08-17 820.00 828.50 829.50 816.50 80632 89798
2015-08-18 815.50 818.00 820.00 814.50 79056 98140
2015-08-19 818.00 814.50 818.50 811.50 60186 91764
2015-08-20 811.50 819.00 820.50 811.50 73234 85150
2015-08-21 812.50 812.00 813.50 809.00 36954 79530
2015-08-24 786.50 811.50 811.50 783.50 181848 94898
2015-08-25 791.00 784.00 799.50 783.50 88220 87094
2015-08-26 788.50 800.50 801.00 786.50 85308 89120
2015-08-27 798.00 791.50 798.00 787.50 54786 81994
2015-08-28 808.00 797.50 813.00 795.50 94776 74166
2015-08-31 793.00 806.00 806.00 793.00 71540 74760
2015-09-01 793.00 790.50 796.50 789.50 39396 74278
2015-09-02 788.00 791.50 793.00 787.00 46980 78052
2015-09-07 789.00 785.50 791.00 785.50 36230 80986
2015-09-08 793.50 789.50 794.00 787.00 48460 80684
2015-09-09 795.50 793.50 804.50 792.50 122856 86502
2015-09-10 793.50 797.50 797.50 787.50 73950 87120
2015-09-11 791.00 793.50 797.50 789.50 62164 88274
2015-09-14 777.50 788.50 790.00 774.50 182528 127902
2015-09-15 777.50 776.00 781.50 776.00 71394 116560
2015-09-16 781.50 778.00 783.50 775.50 114694 108944
2015-09-17 776.50 779.50 779.50 775.00 63178 105388
2015-09-18 777.00 776.00 780.50 775.00 62724 103626
2015-09-21 778.00 775.00 783.00 771.50 101520 103982
2015-09-22 774.00 779.00 782.00 774.00 64500 102716
2015-09-23 770.50 772.50 773.00 768.00 98402 111106
2015-09-24 770.50 771.00 772.50 768.50 42342 112696
2015-09-25 771.50 768.50 774.50 768.00 59770 100042
2015-09-28 766.00 771.50 771.50 765.00 41290 102586
2015-09-29 763.00 764.50 767.00 762.00 46444 91150
2015-09-30 759.50 764.00 765.00 756.00 66360 108870
2015-10-08 758.00 765.00 765.00 753.00 45546 114352
2015-10-09 764.00 756.00 766.50 756.00 86902 111254
2015-10-12 744.00 765.00 765.00 741.50 221796 183560
2015-10-13 743.00 744.00 745.00 739.50 105810 187886
2015-10-14 738.00 742.00 743.50 734.00 117950 214314
2015-10-15 736.50 737.00 741.00 734.50 87568 209952
2015-10-16 739.00 736.50 742.00 735.00 84064 201046
2015-10-19 735.00 739.00 741.00 733.50 84524 202454
2015-10-20 736.50 735.00 738.00 732.50 83130 201080
2015-10-21 736.00 738.00 738.00 733.00 80268 204060
2015-10-22 738.00 735.50 740.00 731.50 90642 202940
2015-10-23 739.00 738.50 741.00 734.00 97836 197972
2015-10-26 736.00 738.00 739.00 733.00 64038 193452
2015-10-27 727.00 734.50 737.00 725.00 170736 233868
2015-10-28 723.50 724.50 727.50 722.00 93822 239676
2015-10-29 722.00 724.50 727.00 720.50 85784 239846
2015-10-30 723.50 722.00 726.00 721.00 55870 233216
2015-11-02 717.00 723.50 724.50 715.00 94758 249714
2015-11-03 716.00 715.00 716.50 713.00 70174 252102
2015-11-04 712.50 716.50 716.50 710.50 94256 253280
2015-11-05 709.00 712.00 715.50 706.50 100070 255570
2015-11-06 711.50 707.50 713.00 707.50 63852 248414
2015-11-09 710.00 712.00 712.00 708.00 47712 248544
2015-11-10 712.50 710.50 713.50 709.00 68588 242008
2015-11-11 705.00 712.50 712.50 703.50 74780 246340
2015-11-12 697.00 704.50 704.50 695.00 132300 269178
2015-11-13 698.00 697.00 700.50 694.50 94102 261182
2015-11-16 692.00 697.50 698.50 688.00 144124 283482
2015-11-17 691.00 690.50 692.50 687.50 105962 289690
2015-11-18 688.50 691.00 692.00 684.50 86540 293486
2015-11-19 658.50 690.50 690.50 658.50 303074 290418
2015-11-20 648.00 652.50 662.50 639.00 437956 266824
2015-11-23 643.00 651.50 652.00 642.00 234892 258962
2015-11-24 652.50 648.50 655.50 644.00 229060 253014
2015-11-25 659.50 651.50 663.00 646.00 270970 250578
2015-11-26 661.50 657.00 677.00 651.50 374326 229574
2015-11-27 643.50 660.50 660.50 642.50 268298 243992
2015-11-30 639.50 643.00 649.50 634.50 203424 248022
2015-12-01 639.50 639.00 642.00 633.50 148696 249978
2015-12-02 644.50 637.50 651.50 636.50 285978 248104
2015-12-03 638.00 643.50 645.00 637.50 142208 245610
2015-12-04 633.50 638.50 643.50 626.00 273964 248170
2015-12-07 638.00 634.00 639.00 632.50 128110 246330
2015-12-08 634.50 636.00 638.00 628.50 163652 242754
2015-12-09 630.00 633.50 636.00 628.50 153100 248856
2015-12-10 628.50 629.50 631.50 626.50 122772 249970
2015-12-11 631.00 628.00 632.00 625.00 105908 241200
2015-12-14 634.00 631.00 638.50 628.50 153904 241564
2015-12-15 631.50 632.00 640.00 631.00 160922 231372
2015-12-16 632.50 632.50 635.00 630.50 72180 227438
2015-12-17 631.50 633.00 640.50 631.00 142588 237250
2015-12-18 640.50 631.00 641.50 631.00 142408 234468
2015-12-21 648.00 641.00 651.50 639.00 269140 222404
2015-12-22 645.00 647.50 649.00 639.50 170270 222818
2015-12-23 642.50 643.00 645.50 640.50 112882 211806
2015-12-24 636.50 643.00 645.00 634.50 156526 209870
2015-12-25 634.00 636.50 639.50 631.50 111198 204788
2015-12-28 631.50 633.50 634.50 629.50 97994 198192
2015-12-29 642.00 631.00 643.50 631.00 164710 201776
2015-12-30 644.50 642.50 657.50 642.00 235354 192798
2015-12-31 642.50 644.50 650.00 641.00 182380 185776
2016-01-04 635.50 646.50 651.00 635.00 121200 177194
2016-01-05 639.00 635.50 640.50 633.00 108066 180030
2016-01-06 624.00 638.50 639.00 623.50 183858 186738
2016-01-07 619.00 622.50 627.50 617.50 163642 184740
2016-01-08 621.50 619.50 624.50 616.00 148654 179096
2016-01-11 621.50 620.50 627.00 618.50 123276 175052
2016-01-12 611.00 621.50 622.50 609.50 189396 185970
2016-01-13 615.50 611.50 618.00 611.00 175764 175864
2016-01-14 619.50 616.50 620.50 609.00 193152 168422
2016-01-15 624.50 618.50 630.00 618.00 219796 162840
2016-01-18 636.50 622.50 637.50 620.00 252398 157498
2016-01-19 639.00 636.50 640.50 631.50 175694 163040
2016-01-20 631.50 639.00 640.00 630.00 175534 167460
2016-01-21 634.50 631.00 638.00 627.00 176190 166742
2016-01-22 644.50 636.00 650.50 632.00 324840 182038
2016-01-25 643.00 645.00 652.50 642.50 195400 178894
2016-01-26 645.50 640.50 647.00 638.50 156536 170530
2016-01-27 651.00 647.00 652.50 643.00 172080 173848
2016-01-28 642.00 650.50 651.50 640.00 135922 166020
2016-01-29 637.50 642.50 644.50 634.50 155994 162358
2016-02-01 640.50 635.50 647.50 635.50 150076 155140
2016-02-02 640.00 640.50 642.50 638.00 70364 153496
2016-02-03 642.00 641.00 642.50 638.00 63370 149716
2016-02-04 647.00 641.50 649.50 641.50 138014 148330
2016-02-05 639.00 647.50 648.00 638.00 78644 144126
2016-02-15 640.00 636.50 646.00 630.00 103108 141302
2016-02-16 655.00 640.00 656.50 640.00 258650 169516
2016-02-17 652.00 655.00 659.50 651.00 205014 163962
2016-02-18 656.00 653.00 656.00 649.00 116854 167880
2016-02-19 666.00 656.00 668.50 654.00 226238 194934
2016-02-22 687.50 665.00 688.00 662.00 339640 211462
2016-02-23 689.00 688.00 698.50 682.00 324604 187264
2016-02-24 702.50 690.00 706.50 685.00 490090 231968
2016-02-25 697.50 702.50 704.50 693.00 380576 216644
2016-02-26 699.50 699.00 702.50 684.50 412378 210158
2016-02-29 708.50 700.00 709.00 690.00 452358 228582
2016-03-01 706.00 713.50 713.50 700.50 428004 207808
2016-03-02 707.50 706.50 708.50 701.00 316692 202016
2016-03-03 702.00 706.00 715.50 701.00 364076 196514
2016-03-04 705.50 701.50 707.00 694.00 438430 191524
2016-03-07 729.00 707.00 729.00 706.50 371392 221380
2016-03-08 753.50 764.50 764.50 714.50 1061114 211360
2016-03-09 721.50 736.00 739.00 717.00 807786 156814
2016-03-10 723.50 725.50 751.00 722.00 726980 159432
2016-03-11 731.00 723.00 737.50 719.50 425174 164076
2016-03-14 737.00 728.00 759.50 725.00 964908 171464
2016-03-15 734.00 738.00 752.00 733.50 696428 185158
2016-03-16 747.00 736.00 747.00 734.50 399048 185046
2016-03-17 752.50 745.50 762.00 742.50 481138 172314
2016-03-18 766.50 752.50 779.50 748.00 823816 188960
2016-03-21 761.00 763.50 785.00 760.50 645592 177918
2016-03-22 763.50 760.50 767.00 757.00 364038 165848
2016-03-23 770.00 764.00 780.00 757.50 631474 167870
2016-03-24 752.00 770.00 774.50 745.50 631910 163020
2016-03-25 765.00 751.50 765.50 751.50 354116 155656
2016-03-28 772.00 763.00 787.50 763.00 748574 179424
2016-03-29 782.50 776.00 785.00 769.50 539404 201736
2016-03-30 772.00 783.50 787.00 766.00 621446 188234
2016-03-31 788.00 772.50 790.00 768.00 599150 224978
2016-04-01 808.00 790.50 808.00 788.00 890258 266722
2016-04-05 819.50 812.00 822.00 807.00 528946 237084
2016-04-06 810.50 818.00 823.00 807.00 593074 226632
2016-04-07 822.50 811.50 830.50 808.00 757760 261962
2016-04-08 831.50 820.50 832.50 816.00 791752 291762
2016-04-11 857.50 833.50 857.50 833.50 1068316 317226
2016-04-12 899.50 861.00 899.50 859.00 1151606 294024
2016-04-13 924.00 905.00 947.50 896.50 2273212 280586
2016-04-14 910.50 922.00 926.00 902.00 1487188 275024
2016-04-15 879.00 914.00 915.00 879.00 1293264 246080
2016-04-18 939.00 875.50 954.00 869.00 1987976 256642
2016-04-19 961.00 943.50 965.00 935.00 1930316 289990
2016-04-20 1007.00 973.50 1007.00 971.50 2130298 286552
2016-04-21 1025.50 1006.00 1046.50 996.00 1874156 266596
2016-04-22 1062.50 1027.50 1083.00 1000.00 2443470 329608
2016-04-25 1110.00 1060.50 1110.00 1060.00 2197372 385720
2016-04-26 1101.00 1113.50 1141.50 1069.00 2472904 406724
2016-04-27 1056.50 1095.50 1101.50 1043.50 1867734 365400
2016-04-28 1056.00 1050.00 1064.50 1020.50 985116 365378
2016-04-29 1107.00 1060.00 1107.00 1059.50 657564 361142
2016-05-03 1075.50 1109.50 1129.50 1048.00 666382 357114
2016-05-04 1065.00 1071.00 1074.00 1034.50 675276 355866
2016-05-05 1025.00 1069.00 1079.50 1019.50 685100 354068
2016-05-06 983.00 1035.50 1036.00 978.50 712550 299586
2016-05-09 929.00 989.00 1023.50 928.00 992230 262010
2016-05-10 935.00 918.50 945.50 904.50 580720 243230
2016-05-11 915.00 940.50 949.50 906.50 442006 250108
2016-05-12 912.00 917.50 934.50 905.00 355224 242218
2016-05-13 868.50 909.00 912.00 854.00 463716 224420
2016-05-16 872.00 863.50 891.50 856.50 353604 222562
2016-05-17 923.00 871.00 927.50 869.50 366572 234648
2016-05-18 891.50 920.00 935.50 885.00 408762 229776
2016-05-19 896.50 892.00 916.50 874.50 348140 226090
2016-05-20 919.50 897.00 924.50 889.00 273688 234116
2016-05-23 861.50 920.00 926.00 847.50 465382 227430
2016-05-24 828.50 858.50 859.50 821.00 317766 225026
2016-05-25 816.50 830.50 842.50 812.50 271830 235990
2016-05-26 840.50 826.50 843.50 819.00 260414 226258
2016-05-27 848.50 844.50 861.50 809.50 425194 226976
2016-05-30 846.00 848.50 852.00 822.50 227352 216614
2016-05-31 849.50 846.50 878.00 843.50 215538 213148
2016-06-01 846.00 849.50 851.50 832.50 150016 200894
2016-06-02 851.00 843.50 860.50 836.50 131326 199528
2016-06-03 856.00 850.00 866.50 847.00 117776 196074
2016-06-06 886.50 859.50 887.50 846.50 223500 201226
2016-06-07 886.50 884.00 900.50 878.50 162222 189334
2016-06-08 879.50 884.00 897.00 877.50 144148 182458
2016-06-13 874.00 872.50 891.00 854.50 150366 191714
2016-06-14 831.50 872.00 881.50 828.00 226440 209062
2016-06-15 834.50 827.50 840.50 827.00 129538 198126
2016-06-16 833.00 847.00 855.50 832.50 144782 199278
2016-06-17 853.00 832.50 855.50 829.50 139444 179610
2016-06-20 844.00 856.00 864.50 838.50 121804 178972
2016-06-21 842.00 839.00 858.50 837.50 143054 186150
2016-06-22 870.50 841.00 873.00 841.00 146390 185826
2016-06-23 875.50 873.50 877.00 862.00 109972 181790
2016-06-24 879.00 878.00 891.50 867.00 172530 187170
2016-06-27 936.00 878.50 938.50 874.00 233820 182766
2016-06-28 936.00 936.00 939.50 912.50 154874 167356
2016-06-29 932.50 931.50 949.00 919.00 163642 161334
2016-06-30 957.00 930.50 962.00 928.00 145486 159962
2016-07-01 954.00 954.00 969.00 937.50 124076 148688
2016-07-04 980.50 959.50 992.00 953.50 168576 165194
2016-07-05 956.00 980.00 986.50 921.00 158486 144618
2016-07-06 944.00 957.50 962.50 924.00 145252 139156
2016-07-07 951.50 938.00 974.00 934.00 121418 135846
2016-07-08 961.00 949.00 961.50 935.50 101590 124250
2016-07-11 963.50 964.00 978.50 939.00 90590 125894
2016-07-12 1023.00 964.50 1023.50 960.00 198440 175244
2016-07-13 1017.50 1025.50 1045.00 1007.00 177328 162420
2016-07-14 1019.50 1023.50 1028.00 996.50 122934 150456
2016-07-15 1027.00 1016.00 1034.50 1008.50 106600 155062
2016-07-18 965.00 1032.00 1034.00 955.00 166188 146746
2016-07-19 959.00 965.00 986.00 948.50 165016 131896
2016-07-20 967.50 957.00 981.00 956.50 95818 126676
2016-07-21 1020.00 964.50 1029.50 960.50 167254 155790
2016-07-22 1008.50 1017.50 1029.50 999.00 186878 155200
2016-07-25 1053.50 1016.50 1056.50 998.50 257004 201066
2016-07-26 1047.50 1054.50 1054.50 1028.00 169992 176572
2016-07-27 1072.00 1043.50 1078.00 1043.50 212942 197006
2016-07-28 1079.00 1074.00 1089.00 1064.00 157912 187774
2016-07-29 1068.00 1085.50 1085.50 1060.50 146388 179554
2016-08-01 1104.50 1065.50 1111.50 1063.50 213244 204816
2016-08-02 1126.00 1101.00 1132.00 1101.00 174334 208398
2016-08-03 1124.00 1126.50 1135.00 1111.50 131358 202436
2016-08-04 1114.00 1125.50 1129.00 1095.00 181852 208160
2016-08-05 1149.00 1122.50 1149.00 1114.00 194618 217722
2016-08-08 1210.00 1149.00 1210.50 1140.50 260470 245114
2016-08-09 1213.00 1229.00 1232.00 1191.00 368028 234866
2016-08-10 1237.00 1213.00 1261.00 1206.50 373774 255410
2016-08-11 1221.00 1246.50 1246.50 1193.50 309158 242944
2016-08-12 1216.50 1224.50 1231.50 1196.50 277874 243444
2016-08-15 1184.50 1202.50 1214.50 1169.00 317108 236760
2016-08-16 1237.50 1184.00 1249.50 1175.50 357362 265656
2016-08-17 1241.00 1237.50 1268.50 1235.00 333362 259650
2016-08-18 1237.50 1242.00 1273.00 1222.00 407296 274800
2016-08-19 1239.50 1245.00 1249.00 1224.00 245660 255778
2016-08-22 1261.00 1235.50 1280.00 1234.50 289298 274538
2016-08-23 1277.50 1263.00 1281.50 1254.00 221964 271052
2016-08-24 1276.00 1278.00 1289.00 1264.00 190338 262786
2016-08-25 1257.00 1278.00 1289.00 1212.00 405162 289088
2016-08-26 1234.50 1256.00 1263.00 1233.50 264070 273152
2016-08-29 1233.00 1237.50 1238.00 1202.50 299862 269886
2016-08-30 1237.00 1232.00 1243.00 1224.00 240850 271738
2016-08-31 1177.00 1239.50 1259.00 1176.00 479016 291582
2016-09-01 1193.00 1179.50 1201.00 1157.50 382852 291558
2016-09-02 1224.00 1193.00 1240.50 1178.00 422918 297930
2016-09-05 1274.00 1228.50 1283.00 1222.50 384522 299724
2016-09-06 1274.50 1276.00 1284.00 1261.50 243890 287452
2016-09-07 1191.00 1277.00 1277.00 1188.50 507742 300728
2016-09-08 1209.50 1190.00 1226.00 1185.50 392686 297496
2016-09-09 1186.00 1212.50 1215.00 1161.00 453400 309602
2016-09-12 1144.00 1186.00 1207.50 1142.50 475540 307280
2016-09-13 1132.00 1145.50 1173.00 1112.00 463836 306238
2016-09-14 1131.00 1130.50 1142.00 1117.00 280810 273056
2016-09-19 1151.50 1116.50 1157.00 1110.00 206376 264448
2016-09-20 1183.00 1152.00 1197.00 1149.50 319876 270064
2016-09-21 1218.50 1183.50 1227.00 1162.50 387460 291834
2016-09-22 1215.50 1219.00 1267.00 1209.00 454936 289648
2016-09-23 1246.00 1218.50 1246.50 1214.50 341688 293246
2016-09-26 1269.50 1247.00 1280.50 1240.50 342204 313650
2016-09-27 1250.00 1269.00 1269.50 1228.50 335370 305676
2016-09-28 1256.00 1242.50 1258.00 1228.50 272490 295532
2016-09-29 1290.50 1256.00 1317.00 1256.00 400822 328138
2016-09-30 1306.50 1292.50 1307.50 1270.00 267070 275828
2016-10-10 1325.50 1322.00 1326.50 1284.00 241276 330364
2016-10-11 1354.50 1328.50 1356.00 1315.00 298994 361570
2016-10-12 1390.50 1355.50 1391.00 1339.00 326896 384760
2016-10-13 1413.50 1390.50 1427.00 1385.50 455528 412860
2016-10-14 1448.50 1417.00 1474.00 1395.00 432810 393630
2016-10-17 1478.50 1444.00 1491.00 1442.00 436328 408384
2016-10-18 1489.50 1482.00 1504.50 1448.50 466376 420130
2016-10-19 1528.00 1492.50 1574.50 1489.50 680498 440176
2016-10-20 1540.00 1526.50 1570.00 1513.50 531716 434770
2016-10-21 1557.50 1535.00 1558.50 1500.00 513496 454546
2016-10-24 1584.00 1558.50 1590.00 1537.00 505726 460406
2016-10-25 1667.00 1587.50 1667.50 1573.00 529884 448670
2016-10-26 1686.50 1671.50 1746.00 1652.50 699066 422856
2016-10-27 1659.00 1687.50 1704.50 1620.50 668866 456088
2016-10-28 1741.00 1664.50 1742.00 1648.50 525964 464272
2016-10-31 1796.50 1743.50 1796.50 1697.50 655720 494336
2016-11-01 1763.50 1784.50 1788.00 1727.00 587876 483136
2016-11-02 1759.50 1765.50 1823.00 1754.00 565988 486332
2016-11-03 1791.00 1759.50 1795.50 1743.50 449800 474802
2016-11-04 1885.50 1801.50 1895.50 1800.00 668980 467094
2016-11-07 1972.50 1887.00 1974.50 1878.50 528002 417844
2016-11-08 1932.50 1992.50 2037.00 1877.00 754896 424188
2016-11-09 2117.00 1930.50 2139.50 1918.00 628000 396754
2016-11-10 2061.00 2097.50 2164.50 2012.50 623328 376396
2016-11-11 2102.50 2061.50 2116.00 2038.50 360470 319432
2016-11-14 2135.00 2112.00 2234.50 2031.50 516270 314254
2016-11-15 1933.00 2131.00 2157.50 1924.50 426614 288206
2016-11-16 2002.00 1960.50 2017.50 1905.50 395228 305516
2016-11-17 1993.50 2008.00 2042.00 1945.00 306272 303970
2016-11-18 1947.00 2006.00 2016.00 1905.50 338250 322438
2016-11-21 1940.50 1959.00 1970.50 1884.00 367146 311234
2016-11-22 2081.00 1948.00 2090.00 1946.00 400794 298402
2016-11-23 2053.00 2084.50 2089.00 2015.50 262624 277920
2016-11-24 2038.50 2023.50 2103.50 1968.50 350666 267676
2016-11-25 2079.50 2025.00 2091.00 2020.50 227352 241782
2016-11-28 2135.00 2049.00 2174.00 2049.00 282846 230112
2016-11-29 1969.00 2116.50 2132.00 1966.50 263340 209268
2016-11-30 1945.50 1994.00 1994.00 1906.50 275424 221790
2016-12-01 1927.00 1953.50 1997.00 1925.50 269388 218648
2016-12-02 1863.50 1929.50 1934.00 1827.00 269920 212868
2016-12-05 1889.00 1867.50 1920.50 1834.50 194908 191294
2016-12-06 1874.50 1894.50 1912.00 1854.50 144664 181310
2016-12-07 1955.00 1879.00 1976.00 1863.50 200456 183602
2016-12-08 1922.00 1954.50 1970.00 1901.50 134736 164648
2016-12-09 1863.00 1926.00 1938.00 1838.00 177524 174432
2016-12-12 1832.50 1847.50 1942.00 1831.50 195388 174018
2016-12-13 1855.00 1833.00 1861.00 1808.50 127542 173308
2016-12-14 1844.50 1858.50 1877.50 1798.50 146280 179594
2016-12-15 1876.00 1841.50 1902.00 1819.50 155462 170406
2016-12-16 1848.00 1861.50 1877.00 1847.50 88830 155352
2016-12-19 1839.50 1833.50 1879.00 1815.50 129962 164320
2016-12-20 1856.50 1829.00 1867.50 1818.50 121360 155634
2016-12-21 1846.00 1857.00 1867.50 1826.00 94076 151250
2016-12-22 1733.00 1846.00 1846.50 1731.50 146746 174628
2016-12-23 1718.00 1725.50 1755.50 1705.50 139054 170148
2016-12-26 1624.50 1717.00 1736.00 1589.50 172216 179200
2016-12-27 1612.50 1624.50 1630.50 1568.00 140536 166578
2016-12-28 1602.00 1615.50 1692.50 1596.50 169038 169470
2016-12-29 1586.50 1603.00 1617.00 1571.50 125372 163936
2016-12-30 1538.50 1585.00 1601.50 1537.50 117166 153950
2017-01-03 1495.50 1537.00 1604.50 1491.50 100322 159194
2017-01-04 1505.50 1502.00 1518.00 1458.00 133490 162812
2017-01-05 1515.50 1505.00 1535.00 1496.50 91150 149196
2017-01-06 1538.00 1510.00 1573.00 1496.00 125714 150904
2017-01-09 1594.00 1547.00 1594.50 1519.00 106874 140408
2017-01-10 1680.00 1601.50 1680.50 1576.50 154296 151156
2017-01-11 1658.50 1686.00 1692.50 1643.50 111594 141826
2017-01-12 1682.00 1650.00 1705.00 1640.50 118546 150154
2017-01-13 1690.50 1691.50 1715.50 1676.50 96974 138040
2017-01-16 1816.50 1690.00 1842.00 1683.00 153274 150530
2017-01-17 1646.50 1806.00 1814.00 1616.00 176528 137064
2017-01-18 1659.50 1650.50 1702.00 1626.50 119118 128200
2017-01-19 1662.50 1656.00 1695.00 1619.50 121458 129122
2017-01-20 1596.50 1660.50 1681.50 1596.00 97106 118102
2017-01-23 1577.50 1595.50 1606.50 1552.00 100632 121002
2017-01-24 1635.00 1557.50 1681.50 1557.50 117576 120762
2017-01-25 1610.50 1650.50 1651.00 1591.00 90776 116274
2017-01-26 1685.00 1597.50 1685.50 1597.50 95964 109602
2017-02-03 1568.50 1666.00 1679.50 1559.50 91122 114270
2017-02-06 1518.00 1556.00 1585.50 1518.00 95500 124550
2017-02-07 1552.00 1516.00 1572.50 1512.50 80788 121426
2017-02-08 1557.00 1545.50 1581.00 1536.00 90112 131840
2017-02-09 1521.50 1557.50 1576.50 1517.50 99376 143920
2017-02-10 1576.50 1519.00 1622.00 1505.00 184912 155914
2017-02-13 1653.00 1577.50 1666.50 1574.00 149712 150762
2017-02-14 1671.50 1660.00 1693.00 1642.00 121204 150272
2017-02-15 1647.50 1674.00 1679.00 1617.50 126046 145826
2017-02-16 1644.50 1647.50 1736.50 1635.00 181890 155636
2017-02-17 1688.50 1644.00 1708.50 1637.50 121046 148196
2017-02-20 1752.50 1694.00 1756.50 1678.50 134710 158014
2017-02-21 1730.50 1749.50 1773.00 1722.50 112216 154650
2017-02-22 1662.00 1735.00 1742.00 1654.50 125948 146278
2017-02-23 1680.50 1657.00 1689.50 1647.00 110620 135434
2017-02-24 1708.00 1682.00 1713.00 1634.50 131096 139992
2017-02-27 1728.00 1713.00 1750.50 1691.50 131836 140798
2017-02-28 1705.50 1726.00 1737.50 1696.00 91018 133670
2017-03-01 1809.00 1709.50 1816.00 1704.50 172514 171324
2017-03-02 1801.50 1812.00 1812.50 1786.50 87610 156662
2017-03-03 1795.00 1803.50 1804.50 1747.50 113378 148454
2017-03-06 1776.50 1793.00 1827.00 1757.50 118982 146980
2017-03-07 1784.00 1776.00 1799.50 1763.00 85194 141098
2017-03-08 1769.50 1784.00 1790.50 1748.50 99418 137058
2017-03-09 1775.50 1767.50 1778.00 1721.50 133088 133868
2017-03-10 1749.00 1773.00 1800.00 1747.50 117858 132780
2017-03-13 1825.50 1748.50 1825.50 1724.00 172648 155818
2017-03-14 1834.00 1831.50 1840.00 1796.50 110742 150044
2017-03-15 1841.00 1837.00 1867.00 1808.50 101938 153132
2017-03-16 1854.00 1842.00 1855.00 1817.00 80426 146684
2017-03-17 1825.50 1861.00 1869.50 1815.50 76196 143060
2017-03-20 1863.50 1829.00 1885.00 1795.50 103966 155092
2017-03-21 1842.00 1872.00 1872.00 1826.50 87286 147784
2017-03-22 1791.00 1840.00 1855.50 1791.00 104232 137856
2017-03-23 1823.00 1800.00 1839.50 1789.50 78876 133578
2017-03-24 1830.00 1831.50 1846.00 1814.50 74886 136452
2017-03-27 1753.00 1832.00 1875.00 1750.00 186606 146900
2017-03-28 1758.00 1776.00 1791.50 1746.00 105382 137908
2017-03-29 1832.00 1770.50 1834.50 1770.50 123934 145860
2017-03-30 1822.00 1824.00 1858.00 1808.00 131836 141954
2017-03-31 1822.00 1829.50 1836.50 1786.00 121220 147458
2017-04-05 1922.00 1859.50 1936.00 1857.00 138608 163804
2017-04-06 1932.50 1925.00 1937.00 1909.00 114438 169136
2017-04-07 1850.00 1926.50 1927.50 1828.50 206282 171950
2017-04-10 1833.50 1853.00 1897.00 1826.00 168792 176936
2017-04-11 1779.00 1834.00 1834.00 1773.00 183700 188462
2017-04-12 1681.50 1777.00 1794.50 1680.00 222502 196632
2017-04-13 1682.50 1676.50 1712.50 1667.00 196598 209004
2017-04-14 1656.50 1687.50 1715.00 1633.50 215696 231160
2017-04-17 1687.50 1665.00 1712.00 1653.00 233610 230090
2017-04-18 1638.50 1689.00 1697.00 1636.50 230792 231902
2017-04-19 1582.50 1630.50 1634.00 1566.00 285294 246258
2017-04-20 1633.00 1589.50 1635.00 1553.50 256352 240630
2017-04-21 1674.50 1635.00 1698.00 1635.00 264012 238844
2017-04-24 1622.00 1673.50 1673.50 1585.00 253476 235572
2017-04-25 1622.00 1615.00 1640.50 1606.00 178418 227602
2017-04-26 1577.50 1613.00 1643.00 1577.00 246568 235920
2017-04-27 1606.00 1575.00 1607.00 1573.50 185024 219284
2017-04-28 1632.00 1606.50 1638.50 1595.00 177214 205014
2017-05-02 1630.50 1652.50 1661.50 1620.00 104032 197618
2017-05-03 1575.00 1631.50 1631.50 1561.00 219566 230342
2017-05-04 1492.00 1566.50 1576.50 1462.50 308316 244874
2017-05-05 1478.50 1494.50 1504.00 1454.50 221032 222186
2017-05-08 1498.50 1483.50 1520.00 1478.50 225252 231856
2017-05-09 1525.00 1495.00 1531.00 1483.50 178174 222172
2017-05-10 1568.50 1526.00 1573.00 1519.00 232266 225276
2017-05-11 1538.00 1569.00 1578.00 1490.50 324140 235310
2017-05-12 1503.50 1541.00 1548.00 1496.00 243814 231346
2017-05-15 1502.00 1506.00 1527.50 1463.50 229622 230374
2017-05-16 1506.50 1502.50 1509.00 1474.00 181448 224890
2017-05-17 1542.50 1505.00 1552.00 1495.50 227836 226392
2017-05-18 1522.50 1558.50 1558.50 1507.00 183706 212352
2017-05-19 1563.00 1503.50 1570.00 1497.50 220752 216690
2017-05-22 1546.00 1566.00 1605.50 1541.00 239750 211974
2017-05-23 1571.50 1550.50 1584.00 1534.50 196426 204960
2017-05-24 1518.50 1574.00 1577.50 1504.50 208388 206894
2017-05-25 1530.00 1517.50 1553.00 1515.50 166272 192864
2017-05-26 1534.00 1516.00 1550.50 1516.00 157770 187362
2017-05-31 1419.50 1535.50 1536.00 1419.50 190030 212298
2017-06-01 1422.50 1418.00 1442.50 1408.00 162774 215716
2017-06-02 1383.50 1425.50 1432.50 1370.50 220040 239746
2017-06-05 1398.50 1375.50 1415.50 1372.50 183140 224390
2017-06-06 1406.50 1397.00 1418.00 1365.50 194004 231860
2017-06-07 1409.00 1395.00 1429.50 1395.00 137314 217496
2017-06-08 1413.50 1402.50 1426.00 1396.50 141944 223308
2017-06-09 1409.00 1416.50 1430.00 1403.50 129798 218960
2017-06-12 1444.50 1402.50 1454.00 1402.50 165192 227494
2017-06-13 1428.00 1442.00 1454.00 1426.50 132892 217940
2017-06-14 1509.50 1431.50 1510.50 1404.00 307950 252936
2017-06-15 1503.50 1501.00 1517.00 1478.50 246190 228180
2017-06-16 1531.50 1500.50 1543.00 1490.00 222084 246516
2017-06-19 1584.50 1531.00 1610.50 1524.00 289490 271438
2017-06-20 1581.00 1590.00 1609.50 1574.50 227874 268850
2017-06-21 1599.50 1577.50 1606.00 1570.00 251740 295476
2017-06-22 1616.50 1605.00 1648.00 1605.00 275394 298400
2017-06-23 1629.00 1614.50 1638.50 1601.50 234246 288038
2017-06-26 1627.50 1634.50 1637.50 1611.50 188866 290416
2017-06-27 1669.50 1631.00 1670.00 1619.50 232548 295460
2017-06-28 1681.50 1670.00 1690.50 1657.50 207146 283128
2017-06-29 1741.00 1678.00 1776.00 1678.00 341930 303068
2017-06-30 1740.50 1740.50 1747.00 1711.00 196644 276140
2017-07-03 1784.00 1738.50 1784.50 1731.00 211084 290478
2017-07-04 1748.00 1778.00 1797.50 1734.50 253818 292484
2017-07-05 1759.50 1752.00 1777.50 1745.00 216630 284632
2017-07-06 1769.00 1758.00 1772.50 1736.50 214698 295952
2017-07-07 1783.00 1767.00 1790.50 1753.50 180344 297032
2017-07-10 1817.00 1793.50 1823.00 1780.50 253918 318804
2017-07-11 1859.50 1817.00 1869.00 1809.00 208336 309868
2017-07-12 1835.00 1851.00 1865.50 1822.50 202940 307488
2017-07-13 1853.00 1839.50 1866.50 1824.50 204246 303386
2017-07-14 1820.00 1852.50 1853.00 1802.50 240286 301204
2017-07-17 1881.50 1822.00 1885.00 1820.00 220484 301610
2017-07-18 1872.00 1882.50 1891.00 1859.00 173964 294056
2017-07-19 1913.50 1873.50 1920.00 1866.50 215900 299496
2017-07-20 1882.00 1912.00 1913.50 1877.00 200960 289752
2017-07-21 1910.50 1881.50 1916.00 1855.00 292192 330742
2017-07-24 1869.00 1910.00 1931.50 1842.00 344232 307956
2017-07-25 1907.00 1874.00 1910.00 1854.50 261874 319672
2017-07-26 1908.00 1909.50 1935.00 1900.00 267062 315258
2017-07-27 1928.50 1904.50 1931.50 1890.00 203378 315314
2017-07-28 1935.00 1928.00 1942.00 1912.50 235428 338472
2017-07-31 2027.00 1937.50 2037.00 1934.00 374510 325378
2017-08-01 2020.00 2029.00 2035.00 2006.50 201008 293598
2017-08-02 2065.00 2012.50 2072.00 2002.50 317024 345364
2017-08-03 2028.50 2064.00 2074.50 2023.50 386188 320646
2017-08-04 2019.00 2025.00 2030.50 1995.00 348568 288326
2017-08-07 2046.00 2014.00 2112.00 1994.00 523522 303028
2017-08-08 2072.50 2045.50 2089.50 2042.00 302700 285630
2017-08-09 2132.50 2074.00 2135.00 2069.50 303042 289488
2017-08-10 2149.50 2130.00 2156.00 2109.50 265912 274256
2017-08-11 2163.00 2145.00 2210.50 2121.00 496798 314400
2017-08-14 2110.50 2147.50 2177.00 2099.50 434764 283272
2017-08-15 2120.00 2106.00 2131.00 2062.00 452442 304004
2017-08-16 2117.50 2121.00 2134.00 2100.50 332216 290948
2017-08-17 2243.50 2128.00 2262.00 2128.00 519260 328160
2017-08-18 2257.00 2236.50 2260.50 2218.00 280306 297032
2017-08-21 2305.00 2235.00 2330.00 2177.50 554758 320274
2017-08-22 2348.00 2307.50 2351.00 2292.50 347080 316474
2017-08-23 2343.00 2350.50 2368.50 2267.50 615286 346044
2017-08-24 2390.00 2342.50 2412.50 2326.50 435504 350824
2017-08-25 2462.00 2395.00 2474.50 2389.00 343994 338060
